file,kpc,ell_t,theta_t,Nf,x0,y0,width,height,ell,theta,x1,y1,width_o,height_o,ell_o,theta_o
0.5150_0.3500_0.0000_21_1.dat,0.5150,0.3500,0.0000,1,0.037915831663326564,-0.022391783567134303,0.9735869293473071,0.6413607491556491,0.3412393595037091,-2.994942288799791,0.030114150182611023,-0.022300576613827526,1.1571562898652283,0.8992748308517936,0.22285793308306667,15.764770933576528
0.5150_0.3500_0.7854_13_0.dat,0.5150,0.3500,0.7854,0,-0.011669387461064601,-0.007432414964576111,1.0652529926203702,0.6343894257159259,0.4044706467752618,44.75749562540682,-0.0077772940611194686,0.0008111451071350739,1.1824512178535245,0.7798129382169185,0.3405115353236352,49.49474162952986
0.5150_0.6500_-1.5708_26_0.dat,0.5150,0.6500,-1.5708,0,-0.001262525050100206,-0.003446893787575067,1.0504265803968094,0.3247622136941324,0.6908282599137484,89.13899505041027,0.0025041425661027593,-0.0008262615433583353,1.2542001370631735,0.9318010190752701,0.25705555952404124,80.61689652911238
0.7525_0.6500_0.7854_30_1.dat,0.7525,0.6500,0.7854,1,-0.0177251406261963,-0.015830547907866824,0.85545620237337,0.3147732755437835,0.6320404543558404,45.963040246735204,-0.005296001768076678,-0.016944166329145142,1.2094294538150498,0.9967252313753646,0.17587154155104,47.01542862987086
0.0400_0.8000_1.5708_25_0.dat,0.0400,0.8000,1.5708,0,-0.004925851703406832,0.02254509018036064,1.3379649556786841,0.255772543217468,0.8088346468777823,88.75982524127319,-0.001841226489273296,0.022473636812769218,1.5236813535628124,0.875218568346235,0.425589499865101,88.96896818915927
0.2775_0.2000_1.5708_32_0.dat,0.2775,0.2000,1.5708,0,-0.004024048096192405,-0.023446893787575224,1.085459487238027,0.9245666218626277,0.14822558305220057,82.88405055688337,0.0088752931735751,-0.015986860211731454,1.4194819834658992,1.3928978678863047,0.018728040150735148,-72.47316349707432
0.7525_0.8000_0.7854_16_0.dat,0.7525,0.8000,0.7854,0,-0.011237187925469651,-0.00860147928216907,0.8279067721130727,0.17995634329190674,0.7826369473550714,44.90787099100652,-0.009750674874992739,0.008133183540157567,1.0207106627906821,0.6952389466424306,0.3188677536280389,44.90595215449497
0.2775_0.6500_0.7854_37_0.dat,0.2775,0.6500,0.7854,0,0.02527800464167575,0.006123771452700671,1.1828536037529327,0.4055699434981194,0.6571258334832513,47.7913259906295,-0.006089325166548103,0.004447932978911434,1.615373654070932,0.9691844309318346,0.4000246144355669,44.365529088280084
0.5150_0.6500_0.7854_32_0.dat,0.5150,0.6500,0.7854,0,0.008107638173464543,0.007621590826877381,0.9539210762515237,0.3487563110189886,0.6343971008697675,43.136444459555065,-0.001826157344841533,0.01694532294230573,1.4030449487980503,0.8879077126147087,0.3671566164894755,48.73956766232496
0.2775_0.6500_-1.5708_13_1.dat,0.2775,0.6500,-1.5708,1,0.010170340681362714,-0.002685370741482891,1.2187521973540807,0.4001851671560663,0.6716435317820382,-87.31427080316391,0.021775171769412117,-0.0074983635321370645,1.339031760498708,0.768524780546242,0.42605933390257067,-86.97594614808393
0.9900_0.2000_0.0000_18_0.dat,0.9900,0.2000,0.0000,0,0.015190380761522968,-0.0014268537074148123,0.7370426404267972,0.5918198074670062,0.19703450654591326,-4.8254454748897615,-0.0075755084412143184,-0.011947870367735066,1.1189928815736268,0.914075455922945,0.183126657036914,15.557402669848244
0.9900_0.2000_1.5708_23_0.dat,0.9900,0.2000,1.5708,0,0.005563126252504987,-0.0050501002004008765,0.7748702868316367,0.5596054160463902,0.2778076207637822,-85.07053085564446,0.012347312353791842,-0.0016861816404807228,1.2053238567900282,0.863881663889444,0.2832783827990427,-65.02543845523705
0.0400_0.3500_0.0000_25_1.dat,0.0400,0.3500,0.0000,1,-0.020761523046092255,-0.0011723446893787863,1.3052330439390905,0.7990055565637633,0.38784452303442496,3.957900717064348,0.016032732331410598,-0.008700818156535785,1.508111557635158,1.1212036165367891,0.2565512737698742,14.367580549552173
0.2775_0.5000_0.7854_38_1.dat,0.2775,0.5000,0.7854,1,-0.019852837684215516,-0.005370610622639397,1.1795360595611524,0.5718679466637471,0.5151755285238917,47.1177673269193,-0.003962339849046226,-0.00576914941298623,1.405817880814986,1.152625413120254,0.18010332003171725,44.187742116192
0.9900_0.5000_-1.5708_23_1.dat,0.9900,0.5000,-1.5708,1,0.004358717434869698,0.027895791583166414,0.722283415351635,0.3684468351952059,0.4898860649931551,85.61743369623306,-0.008308342106850131,0.025812769429049323,1.0624681612122526,0.8595695421712559,0.1909691287214611,-72.09641065099912
0.2775_0.8000_0.7854_30_0.dat,0.2775,0.8000,0.7854,0,0.011721818224398972,0.012538037675227553,1.0932594130088187,0.23895863500062764,0.781425495031434,45.26479642142788,-0.007062390606667453,-0.011672720878219568,1.3664063710644998,0.9775902358448109,0.284553807310472,45.754121526842
0.9900_0.8000_1.5708_21_1.dat,0.9900,0.8000,1.5708,1,-0.0006973947895791765,-0.00955911823647302,0.8206588332913637,0.1510992623909787,0.815880538585109,-89.4656223249779,0.002090134694483948,-0.012990204293891972,1.030300300434739,0.7086741850072442,0.31216735090903447,78.40797636005793
0.0400_0.2000_1.5708_29_0.dat,0.0400,0.2000,1.5708,0,-0.020777555110220457,0.039639278557114146,1.337461930863044,1.0348369269999416,0.22626812537970564,-89.23203985871228,-0.04808565597349201,0.0630525729393911,1.5099206119258166,1.1977895096755389,0.20672020752943598,89.96855074474178
0.2775_0.5000_1.5708_19_0.dat,0.2775,0.5000,1.5708,0,-0.010250501002003967,-0.00821643286573154,1.1474133428622055,0.6376370589511892,0.44428303634624555,87.9785884936452,-0.019649590966044694,-0.0022143610673553693,1.2935135505098816,0.956309166973937,0.26068871362269397,-77.36010073087755
0.7525_0.6500_1.5708_39_0.dat,0.7525,0.6500,1.5708,0,-0.0041172344689378694,0.0007615230460921002,0.8580710176137951,0.31632018665258277,0.6313589666130015,-87.48919753797132,0.01782080659791039,-0.044753939254694605,1.3698268226190322,1.0371269553032236,0.24287731983500294,-89.7876360485815
0.9900_0.6500_1.5708_33_1.dat,0.9900,0.6500,1.5708,1,0.006214428857715435,0.003567134268536999,0.7912981963038562,0.2689917177621345,0.6600627689806556,-89.67950070472432,0.009986859462177967,0.0123327578615044,1.150072424725204,0.9486866816909805,0.1751070095279802,70.89016366998358
0.5150_0.8000_0.7854_18_1.dat,0.5150,0.8000,0.7854,1,0.008097010316031857,0.014320683628599656,1.0339674932865266,0.19659153221524828,0.8098668154543519,44.666618019693175,0.012204905511084467,0.0059404406157879406,1.1781827961219276,0.6379756212731373,0.45850879560193936,44.701330307439775
0.5150_0.8000_0.0000_28_1.dat,0.5150,0.8000,0.0000,1,0.0007615230460921102,-0.004160320641282545,0.9342875169494923,0.19950957531756786,0.7864580531173324,-1.5758968529485458,-0.011183676500958537,-0.01042986489940807,1.2403951283278236,0.8267057396742208,0.33351419979478425,2.031213579828261
0.9900_0.2000_-1.5708_25_0.dat,0.9900,0.2000,-1.5708,0,-0.0022605210420841527,-0.018296593186372664,0.7867919490743119,0.5480197194693549,0.303475689965919,-89.47100910849582,-0.01991021043210643,-0.030445207490367044,1.0997676776551208,1.0118005792618738,0.07998698286969741,-62.53016748524105
0.5150_0.3500_-0.7854_16_1.dat,0.5150,0.3500,-0.7854,1,0.0009898077888953194,-0.004508337122935837,1.0088946007017647,0.6240900327648496,0.3814120599607269,-43.69593795391796,-0.006424768886960967,-0.014441928581564411,1.0715582022913666,0.9522415808015972,0.1113487081099549,-30.734566486212174
0.5150_0.6500_-1.5708_23_1.dat,0.5150,0.6500,-1.5708,1,-0.0007925851703406892,-0.006172344689378677,1.0248530333328523,0.3572521346506412,0.6514113506705964,88.61006522629228,0.010729412696873997,-0.01901926561422442,1.2929962107487933,0.9649325730867939,0.25372358784563864,89.73257612819329
0.0400_0.6500_0.0000_12_0.dat,0.0400,0.6500,0.0000,0,0.03306613226452897,-0.0038717434869739477,1.3138462955261074,0.4428163497785419,0.6629618310099024,-0.6640440258661044,0.04703955073343523,0.0064442573043277185,1.3952041665444057,0.588842364782826,0.5779525470876059,3.417612866324987
0.0400_0.8000_-1.5708_36_0.dat,0.0400,0.8000,-1.5708,0,-0.0007494989979959761,-0.0033867735470941083,1.3528114597717207,0.2746507309647157,0.796977820537489,89.62584755102607,-0.009181914981990669,-0.010555901780785333,1.6058463303839103,0.8689681082461274,0.4588721898200665,-86.1637396074662
0.9900_0.3500_-0.7854_10_0.dat,0.9900,0.3500,-0.7854,0,0.004552974124152982,-0.025885209562995275,0.7767717569037882,0.5147041317726594,0.33738047605609434,-43.02756717791726,0.005191313968985479,-0.011377796519766108,0.9746657574234295,0.6237966355663059,0.35998917493999283,-49.18315938164886
0.0400_0.5000_0.0000_31_0.dat,0.0400,0.5000,0.0000,0,-0.006032064128256598,0.007535070140280521,1.2068148759957418,0.638840358338059,0.47063930761463935,7.293883742049644,-0.01741459210434802,-0.004373231608022938,1.4264188545878789,1.0941093144627505,0.2329677142560902,7.946804622242496
0.0400_0.3500_0.7854_27_1.dat,0.0400,0.3500,0.7854,1,0.019998085069128525,0.021748138926373745,1.3666711024180729,0.7797549429186598,0.4294494545622374,43.074101803608926,0.03485129809292761,0.021617170955200337,1.5725636811164883,1.0735319448045295,0.3173364247848178,45.3494051470786
0.2775_0.8000_1.5708_23_1.dat,0.2775,0.8000,1.5708,1,0.0029619238476953735,-0.0008016032064128997,1.190966756620965,0.2352543813878279,0.8024677178603234,89.84370069014481,-0.003718059857033383,-0.036669037071089,1.3285981188259715,0.9306150098394117,0.2995511609923408,89.40008880289811
0.7525_0.8000_1.5708_38_0.dat,0.7525,0.8000,1.5708,0,-0.0011422845691382937,0.01458917835671334,0.8825012135445053,0.1632675646149139,0.8149945154645613,-89.94330674645373,-0.00620046216699498,0.016468835642035887,1.3511783442228449,0.9667581492031359,0.28450736844869684,-81.13215521732398
0.9900_0.8000_0.0000_27_0.dat,0.9900,0.8000,0.0000,0,0.008256513026052029,-0.0007454909819639103,0.7550513666301389,0.1420142770096949,0.8119144163084994,-0.36729199002709834,0.025388724191784416,0.0143052223097348,1.092908475116448,0.6829226756590089,0.37513278448477183,0.4038469075102853
0.7525_0.5000_-0.7854_18_0.dat,0.7525,0.5000,-0.7854,0,-0.019895349113946234,0.010769562198432414,0.8929219299607942,0.4210557955298637,0.5284517252831374,-44.66329339774617,-0.024531486265410015,0.019439966220445172,1.0174802956891549,0.9165423024178859,0.09920388011337566,-51.0276025627532
0.5150_0.5000_-0.7854_24_0.dat,0.5150,0.5000,-0.7854,0,0.007822103070440276,0.01655111664180138,0.9746336092286021,0.4827982530360582,0.5046361540741645,-46.29340493197924,0.010253835571885504,-0.0017720060601185373,1.0816597048991483,0.9968036795827743,0.07844983494534985,-25.488284278718254
0.5150_0.5000_1.5708_30_0.dat,0.5150,0.5000,1.5708,0,0.0026152304609218836,0.005070140280561037,1.0167486566629873,0.4861998897719002,0.5218091643537262,-85.74688132129123,0.008569241377831358,-0.015470524751206225,1.3399253970116225,1.0394874392424711,0.22421991436180333,84.48019333459183
0.9900_0.6500_0.7854_30_1.dat,0.9900,0.6500,0.7854,1,-0.004825755798258145,-0.01203711132823478,0.722757791964335,0.2628933861308092,0.6362635047955569,47.480602866556964,-0.01892674976750736,0.004046669861683947,1.158914320722309,0.9569817468906637,0.17424288424168233,44.089422823620595
0.2775_0.2000_0.0000_19_0.dat,0.2775,0.2000,0.0000,0,0.00010020040080152448,0.013787575150300626,1.1431906138657262,0.9222895076351608,0.19323208531566138,1.2395338843733725,-0.0016318350457955333,0.001678573402800485,1.344680826055943,1.032433658764242,0.2322091318930658,19.56356977793311
0.5150_0.6500_1.5708_25_1.dat,0.5150,0.6500,1.5708,1,0.005919839679358721,0.007855711422845612,1.0275229721638803,0.36450388875425127,0.6452596208271281,88.10554237819498,-0.007489277440290661,-0.008885754605618874,1.2525403728352391,0.9455831279961975,0.24506774511724194,-88.19915693628246
0.7525_0.3500_0.7854_14_1.dat,0.7525,0.3500,0.7854,1,-0.003315891518991058,-0.005526485864985125,0.9665380047396679,0.6092368866226423,0.36967104900677217,55.36841746984374,-0.011162122224728867,-0.011604669705281755,1.2225782888775387,0.7959985536284808,0.3489181340204438,58.2818554052972
0.5150_0.2000_0.7854_24_1.dat,0.5150,0.2000,0.7854,1,-0.007226943054211277,0.0034292553316060646,0.9972492595862025,0.8945435319505486,0.10298902370533769,53.35163112671019,-0.006864745073434735,0.0040387933870199635,1.1898676059841564,1.1072913427343263,0.06939953893570383,15.64363070888487
0.2775_0.2000_0.7854_14_0.dat,0.2775,0.2000,0.7854,0,0.026969251021126926,0.005112707948939968,1.0332118333611828,0.9290583208169929,0.10080557459873829,32.60706981617375,-0.0038703642658874417,-0.012904015403931433,1.1077061847510732,1.0761411633635296,0.028495842870676857,43.256823082027154
0.9900_0.2000_-0.7854_12_1.dat,0.9900,0.2000,-0.7854,1,-0.01463526820860658,0.027989525334662767,0.7881773394945851,0.5680499838836418,0.2792865825755647,-29.82690721524861,-0.0176049771463845,0.01849346646603387,0.9306630480420893,0.8080471912204049,0.13175107476292436,-7.086456629407053
0.7525_0.2000_0.0000_25_0.dat,0.7525,0.2000,0.0000,0,-0.015831663326653374,-0.005418837675350693,0.8693080275550684,0.7033031103701436,0.1909621353110177,-7.428943402473607,-0.01900772996726726,0.011157144663936967,1.1132868472377122,1.049816599363385,0.05701158513801685,42.782290480166154
0.7525_0.6500_1.5708_14_1.dat,0.7525,0.6500,1.5708,1,0.003731462925851707,-0.009118236472945969,0.8906412150312772,0.3188110568500761,0.6420432251848123,89.83132827052405,0.006533391806463094,-0.011718296146443737,1.0303064069151597,0.6848533296434082,0.33529159379496876,77.57037865180024
0.2775_0.2000_-0.7854_38_0.dat,0.2775,0.2000,-0.7854,0,-0.01846696507499621,-0.0013490293701193612,1.202070490695081,0.8539433067164678,0.28960629736223986,-39.71779377558397,-0.00632034609480407,-0.00037587468002580726,1.5246628878968151,1.1885361939805166,0.22045968101182423,-39.38509941084533
0.9900_0.5000_0.7854_21_0.dat,0.9900,0.5000,0.7854,0,0.002040548627071373,0.011761495558814233,0.7239379365421311,0.31963018898872114,0.5584839903328929,37.3806413028459,-0.009989464900958414,0.009126771632539405,0.9263749912009078,0.8648156925623832,0.0664518140312943,80.64830441577938
0.2775_0.5000_-0.7854_20_0.dat,0.2775,0.5000,-0.7854,0,-0.02286406395680358,-0.005491059673542801,1.1438367486868188,0.6649958102244873,0.4186269928921803,-40.05432761149103,-0.033621799590440184,0.004079560084650329,1.384661434993902,0.8697830389728276,0.3718442523268093,-46.852146440947536
0.9900_0.5000_0.7854_27_1.dat,0.9900,0.5000,0.7854,1,-0.0043432510708151986,-0.010564090288067643,0.7355550503023394,0.37734281340585785,0.48699582274534514,43.25629716425567,-0.0105553545059542,0.021623173940366735,1.1474634938316872,0.8837357037840362,0.22983545138067396,57.10287544080829
0.9900_0.5000_0.0000_36_0.dat,0.9900,0.5000,0.0000,0,0.008737474949899716,-0.0012825651302605604,0.7377198292078836,0.34602283758613983,0.5309563009067046,-2.9084557526176695,0.03924428506719969,-0.002746120082196524,1.2537638419242534,0.9979922066152919,0.20400304009119297,-27.134243686257577
0.5150_0.5000_-1.5708_34_1.dat,0.5150,0.5000,-1.5708,1,-0.0008016032064128642,-0.015531062124248414,1.0704904302104277,0.5221593068436933,0.5122242178838985,-86.4788846564654,0.005190712992743845,-0.0009091315542581402,1.384393800652167,1.0081899460430235,0.2717462722181503,82.39755300202177
0.7525_0.5000_1.5708_20_0.dat,0.7525,0.5000,1.5708,0,-0.007454909819639235,0.0008216432865730661,0.8281954826038348,0.4039524146795351,0.5122499178460689,89.13657478340045,-0.00768730843788597,-0.005464698596897701,1.1248273692373614,0.7855429335524787,0.3016324504220761,89.94211026588009
0.9900_0.3500_0.0000_29_1.dat,0.9900,0.3500,0.0000,1,0.006733466933867659,0.008297595190380726,0.6808239088641651,0.49986255300955706,0.26579759244429335,-7.731565227396715,0.014150622048370276,-0.02206407107384428,1.1072595664438345,0.9658640552612202,0.12769861328607135,-5.854482184756961
0.5150_0.2000_0.0000_13_1.dat,0.5150,0.2000,0.0000,1,0.005050100200400721,0.011783567134268553,0.9084389021528506,0.8720371022210911,0.040070718950380946,21.344399834413082,0.0028977575428643463,0.006843756299951129,1.0343136692189756,1.0009010317840128,0.032304163069016734,30.462417103429118
0.5150_0.6500_-0.7854_34_1.dat,0.5150,0.6500,-0.7854,1,-0.001487900040572956,0.007637886874940913,1.0290062074482418,0.3150959785681916,0.6937861246244807,-45.65369791649792,-0.013741953641896967,0.030767229727284393,1.262946132318613,1.0238506478015843,0.18931566311389625,-44.364759530068
0.7525_0.2000_-0.7854_37_1.dat,0.7525,0.2000,-0.7854,1,-0.007292127246464914,0.013368427602633116,0.9334447086008304,0.7541757931934525,0.1920509203765156,-33.55349590750322,-0.01905219529069913,0.012237053279824184,1.286116745084328,1.076923110091546,0.16265524556175937,-41.75318866729023
0.0400_0.5000_0.0000_33_1.dat,0.0400,0.5000,0.0000,1,0.0009619238476953073,0.010531062124248458,1.2979437693688085,0.6094493069802837,0.5304501463290204,3.780824061643415,-0.0060261233361881,0.010588810209429029,1.5027932449354287,1.072178332565455,0.2865430183567774,1.3847770029985895
0.9900_0.6500_0.0000_21_0.dat,0.9900,0.6500,0.0000,0,-0.0059519038076153085,0.0026302605210420764,0.745245040604193,0.3102448403479225,0.5837008991077653,-0.8960351137052385,-0.007940162437780906,0.006433314038983014,1.053362029508694,0.8020276204215169,0.23860211593577552,1.8157870864055496
0.7525_0.8000_-1.5708_25_0.dat,0.7525,0.8000,-1.5708,0,0.0008256513026052259,-0.0011623246492985207,0.8768535379757989,0.1770637114832456,0.798069228423262,89.75499190328638,-0.006987593840467277,0.033000897867318156,1.2041603005369335,0.8105658208018216,0.32686219563924224,77.39786918362518
0.2775_0.8000_-0.7854_29_1.dat,0.2775,0.8000,-0.7854,1,0.01683736026865438,-0.005580333675977125,1.0890450953398296,0.24026565113877132,0.7793795204928609,-46.31909641826354,0.0027492504118263885,0.006030802483168073,1.249777168764101,0.9072612635806636,0.27406157973116907,-44.17101761039481
0.0400_0.6500_1.5708_24_1.dat,0.0400,0.6500,1.5708,1,-0.008592184368737465,0.008476953907815553,1.2820410226895917,0.4813532311911414,0.6245414751383609,-88.56249489655895,0.01256295296681244,0.003676557703845437,1.4086955167673094,0.9050052243393736,0.35755795800629087,-78.11938514760426
0.5150_0.3500_0.0000_19_0.dat,0.5150,0.3500,0.0000,0,0.002024048096192306,0.012817635270541045,1.0097804055071906,0.6841407092558088,0.32248565576772115,-1.5618305497025915,-0.008886999016254594,0.005060910391441826,1.148741576587689,0.9313253033994782,0.18926473770892926,2.1065312318159783
0.0400_0.3500_-0.7854_25_1.dat,0.0400,0.3500,-0.7854,1,0.014755008735681136,-0.004346793689959352,1.2788599588440848,0.8645159284201318,0.32399484209237694,-38.164051419835914,0.025338421011819587,0.013608710148706453,1.3764753613792908,1.3224651066448943,0.03923808318681121,-13.53958942746604
0.0400_0.5000_0.7854_34_1.dat,0.0400,0.5000,0.7854,1,-0.0033584029487217014,0.02489752734558637,1.2432516991668792,0.6649858451036627,0.46512371907532546,43.51295605690768,0.014500465509040423,0.03545338642758409,1.516904825542294,1.1051076733448317,0.2714719771889741,38.557039897246824
0.0400_0.2000_0.7854_34_1.dat,0.0400,0.2000,0.7854,1,-0.003959231155581662,0.06639435095333562,1.2813566682839594,1.0802408692942758,0.15695536142877797,19.560082346834236,0.011232056502368202,0.06448722807039496,1.6005904848495054,1.4287863113556996,0.10733799502123098,13.934157742897241
0.9900_0.2000_-0.7854_11_0.dat,0.9900,0.2000,-0.7854,0,0.00851929051802305,-0.0014000430857961394,0.7488129696694266,0.6174775041080476,0.17539154753069885,-27.49646672298448,0.018739835443259162,0.030169502875863303,0.9331724499400804,0.8424710716633914,0.09719680245865914,50.152548041762564
0.5150_0.6500_0.7854_21_1.dat,0.5150,0.6500,0.7854,1,-0.017667750196059918,-0.023539995689520952,1.037647313043588,0.32245098534675193,0.6892479927491444,44.31600024427928,-0.006568449271508184,-0.024987358567683665,1.2405754049392097,0.8559670596501673,0.3100241579494226,46.98827089111815
0.9900_0.6500_0.7854_25_0.dat,0.9900,0.6500,0.7854,0,0.00709728319353266,0.0006397970174462897,0.6731605714622307,0.26087342129566904,0.6124647931636829,47.962925366093536,-0.004734499648684353,-0.007662292725151418,1.1269239119172147,0.7736979825781923,0.3134425719462157,53.05689370669778
0.7525_0.8000_0.0000_16_0.dat,0.7525,0.8000,0.0000,0,-0.01597194388777563,-0.0010260521042083992,0.9402087489521042,0.17408872177951912,0.8148403511735589,-0.43540148991624505,-0.01987905351728876,0.01965698192561448,1.1546896581148103,0.7812483831867618,0.3234126782929213,13.839958244791347
0.7525_0.3500_-0.7854_27_1.dat,0.7525,0.3500,-0.7854,1,-0.0035900902407538225,0.026082887711242883,0.9038937968385288,0.6292612598477516,0.30383274888193246,-49.01432440533151,-0.028028091491383425,0.0337443086342698,1.1312797152454368,1.0683110450395106,0.05566145079536311,-67.5242761317497
0.0400_0.6500_-0.7854_21_0.dat,0.0400,0.6500,-0.7854,0,0.000989807788895336,-0.002269401823788027,1.2820144685588344,0.47463761109584424,0.6297720324253406,-45.404519222290276,0.008094905479382576,-0.011794968530805335,1.5076560934666303,0.87063312549054,0.4225253827690578,-45.08348720360286
0.7525_0.6500_-0.7854_35_0.dat,0.7525,0.6500,-0.7854,0,-0.0020936879142347724,-0.010255882422520261,0.8351260644606951,0.3383090134186616,0.5949006649228059,-46.66588061096846,-0.007340848030843719,-0.01081559097460709,1.2004352476987803,0.9318280353877294,0.22375818506326572,-44.953357000849195
0.9900_0.2000_1.5708_33_1.dat,0.9900,0.2000,1.5708,1,-0.0001603206412825897,-0.0074348697394790355,0.7185664869524935,0.5898506491444788,0.17912864034880105,79.57878446409863,0.004443207454778128,-0.01738776655785245,1.182832608468368,0.8766959580229982,0.2588165461905735,57.76859699278491
0.7525_0.6500_-1.5708_20_0.dat,0.7525,0.6500,-1.5708,0,0.005527054108216429,0.004168336673346767,0.8746001128492381,0.3364650694433772,0.6152926754751329,87.13544223346868,0.004230751340567465,-0.006388138282331174,1.1558962111960411,0.740639624167603,0.359250755393306,82.2724186048084
0.9900_0.8000_0.7854_27_1.dat,0.9900,0.8000,0.7854,1,-0.008941570720014322,-0.005682361107330813,0.8506323433998794,0.16143870602056914,0.8102132992318194,45.55387323154029,0.00029567418740794274,-0.02398296330496522,1.020473264980273,0.8528640476919315,0.16424655406487465,43.542829581234
0.7525_0.8000_0.0000_37_1.dat,0.7525,0.8000,0.0000,1,-0.007575150300601282,0.002108216432865748,0.834082354839871,0.17475410548783746,0.7904833923487242,0.9657825212099738,-0.034371757319148655,0.007663047702379358,1.2776953616611557,0.9792024472647417,0.23361821867173238,32.7958455198991
0.9900_0.5000_-1.5708_27_0.dat,0.9900,0.5000,-1.5708,0,-0.006943887775551141,-0.0024048096192383983,0.721475768573004,0.34200668491392505,0.5259623402316409,84.01250068336526,-0.007596223134783094,-0.008996354944912306,1.126622889242428,0.7640974724090182,0.3217806244618213,69.2186392673448
0.2775_0.6500_-1.5708_27_0.dat,0.2775,0.6500,-1.5708,0,-0.010731462925851703,0.04200400801603213,1.1835929737746511,0.3887289894038771,0.6715686912501994,-88.07008030604527,-0.015186372954971798,0.047212217766286466,1.419475736483536,0.9352900486324075,0.34110177117264473,88.22942350133525
0.0400_0.2000_-0.7854_26_1.dat,0.0400,0.2000,-0.7854,1,0.009250487109390306,-0.007640720970256163,1.2702602721703313,0.9866314935420559,0.2232839874175354,-38.631611744149836,-0.004025611248477239,-0.004403920929334531,1.5268187239847446,1.2421367205219425,0.18645435701746516,-41.9767500438937
0.2775_0.5000_-1.5708_32_0.dat,0.2775,0.5000,-1.5708,0,-0.016482965931863765,0.002765531062124329,1.118155401123456,0.6086416996393774,0.45567342515373943,-89.89513685015379,-0.032309558960324586,0.001182943796626128,1.32125491465398,1.0185442742716853,0.22910843095071542,78.09465436379433
0.7525_0.3500_-1.5708_10_0.dat,0.7525,0.3500,-1.5708,0,-0.009378757515030083,0.04222444889779567,0.895064738032918,0.5254489009133958,0.4129487191416189,78.65216732397,-0.013061666169669887,0.03309264057392489,0.9721579151028329,0.7946468882928149,0.18259484807181892,87.87274677330296
0.5150_0.5000_1.5708_17_1.dat,0.5150,0.5000,1.5708,1,0.01095190380761527,-0.005110220440881852,0.9903780801445466,0.49524346662148744,0.49994504467505363,-83.62248422856236,0.007253943850201918,-0.018692041479533055,1.179546592655588,0.7712658815152621,0.3461336022523177,-71.83225376517758
0.5150_0.8000_-1.5708_25_1.dat,0.5150,0.8000,-1.5708,1,0.0011382765531062287,0.011823647294589264,0.9781094914181193,0.20279625319006417,0.7926650799635545,88.88985223745752,-0.0024344821340694964,0.02680866464543909,1.1522632240463355,0.7590162656936166,0.34128222627098737,73.46124704548913
0.0400_0.5000_-1.5708_16_1.dat,0.0400,0.5000,-1.5708,1,-0.005260521042084214,0.02915831663326662,1.2839424076857102,0.6454383171349954,0.49729963488129525,-87.07248142072912,-0.020971740167182448,0.05705802251006979,1.3577866970479011,0.8544014588321637,0.3707395567434836,-87.03310541356981
0.0400_0.8000_0.7854_35_1.dat,0.0400,0.8000,0.7854,1,0.01083758048600137,0.012005227755936694,1.3462304897133046,0.2512310428442474,0.8133818504602804,46.02461103645982,0.011219330216841515,0.011368983352083927,1.5976179166135913,1.041281797472685,0.3482285178174206,53.107490836455966
0.0400_0.3500_1.5708_19_0.dat,0.0400,0.3500,1.5708,0,0.0059268537074148656,0.015531062124248414,1.2700883209487972,0.8344018370522756,0.3430363674008511,-84.55993988864525,0.00416812720074434,0.025295892353263225,1.397169508548707,1.0949072880052149,0.21633897583226203,-73.91398138536798
0.7525_0.8000_1.5708_25_1.dat,0.7525,0.8000,1.5708,1,0.0008657314629258352,0.004488977955911743,0.8377917409966897,0.16428546670022318,0.8039065573685665,-89.80105258210833,0.021220038123885086,0.002442413920407892,1.0618024528749632,0.7308501685926043,0.31168913142577903,-71.39579261234415
0.0400_0.5000_-1.5708_29_0.dat,0.0400,0.5000,-1.5708,0,-0.006983967935871782,-0.00284569138276545,1.3000589216672498,0.6402358575152688,0.5075331995766749,85.91307567603498,-0.003181096674864521,0.010879768557197817,1.397646820770375,1.0087247306101124,0.27826921964870277,-79.94341676781531
0.9900_0.3500_1.5708_25_0.dat,0.9900,0.3500,1.5708,0,-0.004533066132264491,0.006072144288577075,0.7928997323540319,0.4623886624639413,0.41683841777678454,-87.22595027142339,0.032483711530156036,0.007269569839879351,1.0702060848270125,0.8000357215303889,0.2524470446645739,-53.15453258359301
0.0400_0.3500_1.5708_25_1.dat,0.0400,0.3500,1.5708,1,0.034232464929859735,-0.00909819639278565,1.3436304484006452,0.8055529522924083,0.4004653934039104,-82.21203832063752,0.035669827947988425,-0.008391904960774233,1.5308523478276546,1.1033458748489884,0.27926042219899017,81.57999317421312
0.2775_0.2000_0.0000_31_1.dat,0.2775,0.2000,0.0000,1,-0.010581162324649371,0.010148296593186395,1.1716631147527612,0.9589013586337538,0.1815895315300622,11.343939763329416,-0.03738648608151868,-0.0049769517103134975,1.4093815538561003,1.2576993636000144,0.10762322654293288,26.539658777300104
0.7525_0.6500_-0.7854_17_1.dat,0.7525,0.6500,-0.7854,1,-0.0014283840389500357,0.0017458027142722488,0.9722384981162242,0.33783688059983846,0.6525164542913908,-42.68610136160541,0.005818600934325184,0.003085105630923699,1.0777772565707917,0.7664314549240273,0.28887768761922683,-33.19051189733895
0.7525_0.2000_-1.5708_20_0.dat,0.7525,0.2000,-1.5708,0,-0.0005931863727454745,0.01651302605210429,0.8459881914771671,0.6782217341698806,0.19830827309108412,-79.30576167672957,0.010675224683372446,0.040928538307013845,1.1014363354726293,0.8902061330423008,0.19177704205635193,-89.86091578183901
0.7525_0.5000_0.0000_21_0.dat,0.7525,0.5000,0.0000,0,0.006072144288577072,0.009579158316633227,0.8732136778580354,0.47392127870570916,0.45726768748260727,2.0342849190850814,0.0016113175945266067,0.01770348649108696,1.070153997745118,0.8505037494814199,0.2052510654789077,3.74709994915807
0.2775_0.8000_-0.7854_35_0.dat,0.2775,0.8000,-0.7854,0,0.00030041410342991734,-0.004602570792172087,1.1830444646921605,0.22598596429717233,0.8089793147749725,-45.67275897154465,0.007998973939369082,-0.006193505720686766,1.423650950367767,1.033035014152607,0.2743761988247565,-49.39014261626025
0.9900_0.8000_-0.7854_16_1.dat,0.9900,0.8000,-0.7854,1,0.003383909806560026,0.005027685089478765,0.8101909035988433,0.14892229796018727,0.8161886324584996,-43.53376641305533,-0.007649395630450208,0.01162082843012632,1.1142479651511004,0.6397086187134153,0.42588307206227116,-46.44690134386639
0.7525_0.6500_0.0000_23_1.dat,0.7525,0.6500,0.0000,1,0.029078156312625173,-0.0034719438877755565,0.8466647770250957,0.33574892998798433,0.6034452606287736,-1.9077656638656038,0.022907968381127006,0.015193725451513127,1.0939509406259416,0.8483795267234823,0.22448119452408644,3.832306809199764
0.2775_0.5000_0.0000_29_0.dat,0.2775,0.5000,0.0000,0,0.012264529058116147,-0.003607214428857756,1.074262691871471,0.6141599163886451,0.4282963366076521,-3.1464097018996995,-0.003622317342747784,0.001152895127942064,1.2886333564819479,0.9996871911843301,0.22422682436721908,-14.171967134791515
0.9900_0.6500_1.5708_22_0.dat,0.9900,0.6500,1.5708,0,0.0025741482965931876,-0.012705410821643367,0.7287526628339057,0.23470195106518899,0.6779401804824948,-87.76963588609327,0.006495928289658802,-0.010418771038695715,1.0344356867162587,0.8233853742956632,0.20402458570484894,-81.42999289971334
0.7525_0.3500_1.5708_20_0.dat,0.7525,0.3500,1.5708,0,-0.008232464929859695,0.012484969939879687,0.9381179791137575,0.527960867808635,0.43721271784237514,-89.21125970526374,-0.014016655189458866,0.023557504984834176,1.1924808269911669,0.8806115293773559,0.26152982132275504,88.94398243532913
0.9900_0.5000_-0.7854_30_1.dat,0.9900,0.5000,-0.7854,1,0.0010131890752471673,0.008183450223150958,0.7408275337575743,0.3957216949836167,0.46583829980445723,-41.15540745376833,0.007724971130123874,-0.00495071021156993,1.1226149109821895,0.9406108872728671,0.16212507239021512,-23.73365246478511
0.9900_0.3500_0.0000_22_0.dat,0.9900,0.3500,0.0000,0,0.02038076152304601,-0.00648697394789582,0.7349212389427823,0.41187996065716415,0.4395590454704068,8.913684944087919,0.02144458048411888,0.014268479960417859,1.030062767323582,0.759059400340981,0.26309403230518724,7.116504341343131
0.2775_0.3500_-1.5708_15_1.dat,0.2775,0.3500,-1.5708,1,0.011892785571142253,0.040360721442885855,1.1273641375484522,0.7843486675126579,0.3042632443335569,-89.40891257940909,0.021508479266379395,0.0264147617374826,1.2786442123413064,0.9518312075196335,0.2555933868603296,-75.54127571035197
0.9900_0.8000_0.7854_16_0.dat,0.9900,0.8000,0.7854,0,0.0035284486676442264,-9.919333603824132e-05,0.6642786894237677,0.13241259693976176,0.8006671009503198,45.61681333252904,-0.014594069186011227,0.009670703854855595,0.7890070872306734,0.7378155217910396,0.06488099570728878,-69.1726801217573
0.7525_0.5000_-1.5708_33_0.dat,0.7525,0.5000,-1.5708,0,-0.004849699398797639,0.014889779559118315,0.8565784612608702,0.42355339335557013,0.5055287839807387,-88.14248779715675,0.016503490485533043,0.018932572865318704,1.3451052730940036,1.0027792090722505,0.25449760020220324,-89.15858299853285
0.5150_0.2000_1.5708_26_0.dat,0.5150,0.2000,1.5708,0,-0.02098597194388779,-0.002384769539078239,1.082942512465671,0.7384395275798551,0.3181175186311994,81.04884113660962,-0.040524895818134746,-0.0016187402186076411,1.3522421689524717,1.1308870861242475,0.16369485282336615,-88.94034767025926
0.0400_0.5000_-0.7854_21_0.dat,0.0400,0.5000,-0.7854,0,0.009777628838050374,0.009324173587590173,1.3252027244426707,0.6237357203310102,0.5293280727344343,-42.574373928390116,0.0046857370608596564,-0.012606391145678934,1.4908008849598056,0.8997341052166223,0.3964760054184696,-40.60831559483307
0.0400_0.8000_0.7854_29_0.dat,0.0400,0.8000,0.7854,0,-0.029029638315406104,-0.0264336070065208,1.2693638026056062,0.2611934718225634,0.794232771340718,44.98568949220066,-0.025860470211229503,-0.05556940791035056,1.508570053143963,0.9021293702628572,0.4019970313060649,44.52107965279862
0.0400_0.6500_0.7854_18_0.dat,0.0400,0.6500,0.7854,0,-0.0034951480476886733,-0.01084537424811878,1.1718761703527105,0.47115491790029207,0.5979482049212723,47.1646271032679,-0.02500888821329353,-0.027979353893962538,1.308120844739147,0.8471605191576461,0.35238359470788894,50.25442119251457
0.5150_0.5000_0.0000_37_1.dat,0.5150,0.5000,0.0000,1,0.008356713426853625,0.00689378757515026,1.0204334014690883,0.5090822031324935,0.5011117801518623,-5.765423702497799,0.024311082973515995,0.049236071142199786,1.2804342872993453,1.100038800566542,0.14088617316964247,-13.671921898598953
0.2775_0.3500_0.0000_34_0.dat,0.2775,0.3500,0.0000,0,-0.025591182364729542,0.0166082164328657,1.1444196468032717,0.7539397896824249,0.34120338479995627,2.5629715485465567,-0.0020588236157982774,0.02365296106969679,1.3344949442065543,1.1423607646312497,0.14397520231111938,-5.368075024577735
0.0400_0.6500_-1.5708_12_1.dat,0.0400,0.6500,-1.5708,1,-0.004993987975951905,-0.03414829659318629,1.3135280149053479,0.43567097598108684,0.6683199969568361,89.18717996551895,-0.014115289475060156,-0.03415198557687933,1.3898255947514728,0.6888381071983146,0.5043708291172375,85.34082193141143
0.2775_0.2000_1.5708_27_1.dat,0.2775,0.2000,1.5708,1,0.002517034068136246,-0.023667334669338742,1.1407598438090658,0.9531807395562379,0.1644334741188732,-83.84086499428578,0.015550444435210005,-0.025839741998273852,1.4552635480341396,1.2424011931670202,0.14627065671689987,-77.22951283330976
0.7525_0.5000_-1.5708_32_1.dat,0.7525,0.5000,-1.5708,1,0.010120240480961882,0.02647294589178365,0.8945706973392946,0.4536900500748655,0.49284047485093396,85.53122059214071,0.017214462952093727,0.001461220785260957,1.301055287059716,0.9320265789354008,0.28363799124808253,-87.28009502437654
0.5150_0.2000_-0.7854_22_0.dat,0.5150,0.2000,-0.7854,0,0.003038150178084045,-0.010112052085264854,1.063366773520272,0.8554105542805445,0.1955639619538696,-36.71247367357506,0.018972374267321974,-0.027718067143612118,1.2519716092308173,1.0806275592034706,0.1368593734586494,-47.1678842771596
0.7525_0.8000_-0.7854_18_0.dat,0.7525,0.8000,-0.7854,0,0.007445168393495188,-0.003891212868012474,0.9346813488053877,0.170612700501682,0.8174643147424078,-45.150184701296126,0.004511455692520901,-0.01676180731814587,1.1064104917850124,0.6033233936088694,0.4547020313992993,-46.20941228615857
0.7525_0.3500_-0.7854_29_0.dat,0.7525,0.3500,-0.7854,0,-0.0035362424297616644,0.010775938912892018,0.8796917438153172,0.5444733904375276,0.38106343015555855,-37.23545623533735,0.004232880575343989,-0.006004270898229144,1.2529190068616236,0.937356876166363,0.25186155606793525,-38.30760104045538
0.0400_0.2000_-0.7854_23_0.dat,0.0400,0.2000,-0.7854,0,0.007204270291688142,-0.020739909517928413,1.2669830806877844,1.0733901272433268,0.15279837307643074,-47.01736391708286,-0.004556253227368248,-0.027981738875097806,1.388611401016779,1.334300858566187,0.039111404681557604,82.90687863861002
0.9900_0.6500_-1.5708_26_1.dat,0.9900,0.6500,-1.5708,1,0.0011993987975951845,-0.007214428857715353,0.8384378821288129,0.2637632295266371,0.6854111256794168,89.19840871538418,-0.022376665224543357,-0.018992114019558026,1.110186544808611,0.8819456877283566,0.2055878430048904,-74.29177135627796
0.5150_0.5000_0.7854_11_1.dat,0.5150,0.5000,0.7854,1,-0.010323192186260549,-0.009005337864610335,1.0023767242936767,0.5194123618256249,0.4818192110440034,41.04742030225921,-0.011990592648687933,-0.029728373938823095,1.161616909668035,0.6579797079680855,0.4335656596492541,45.04359801622142
0.2775_0.6500_-0.7854_23_0.dat,0.2775,0.6500,-0.7854,0,0.0028971539361440216,0.009273868395742253,1.20121698911057,0.38497414304607924,0.6795132382109166,-46.62652384459281,-0.004224919897468908,0.020723802155896198,1.442972182953263,0.8411406983623548,0.41707767599453516,-49.31360474537098
0.0400_0.6500_-1.5708_37_0.dat,0.0400,0.6500,-1.5708,0,0.007792585170340672,-0.008416833667334579,1.337691601826651,0.43016390439983243,0.6784281939032637,-89.40683854764747,0.0101001834227312,-0.013344798530537374,1.5689662347305124,0.8952622920919281,0.42939352531974695,-89.26024981262525
0.9900_0.3500_1.5708_14_1.dat,0.9900,0.3500,1.5708,1,-0.005275551102204382,-0.004909819639278639,0.7245941040385858,0.46497215165731565,0.3582998411583057,-86.58358208459717,-0.0012028802970198132,-0.012108779645701973,0.8887945774363601,0.7192363306434126,0.19077326875915634,-78.7125366663853
0.2775_0.2000_-1.5708_21_1.dat,0.2775,0.2000,-1.5708,1,-0.009122244488977933,-0.002464929859719358,1.2760614799501397,0.8914818346470595,0.3013801853168604,-85.30932718177574,0.01658588376930881,0.0008532179643432358,1.4451752461042535,1.0586885286515353,0.26743242281139756,-71.68501833977288
0.0400_0.5000_0.7854_10_0.dat,0.0400,0.5000,0.7854,0,-0.026038250710025697,0.000729779543709479,1.2240340173076538,0.6722652827970851,0.45077892175269907,48.10431132845428,-0.04285369140965054,0.0038131317057844625,1.2715216181110585,0.8183954902799317,0.3563652566947937,46.91849554735051
0.9900_0.8000_-1.5708_10_1.dat,0.9900,0.8000,-1.5708,1,-0.0006693386773546931,-0.007915831663326576,0.6892446875407974,0.14885618526684916,0.7840299853482177,89.80597432110811,0.0047504568155383765,-0.005854522672006306,0.854455281089917,0.5096446345753827,0.40354440325385366,-89.9673738191407
0.9900_0.3500_-1.5708_31_1.dat,0.9900,0.3500,-1.5708,1,-0.016868737474949925,0.005971943887775626,0.7384177646009575,0.45387949463069555,0.3853350821320327,-85.52733519063271,0.006925291940167815,0.0011545402441390461,1.1642994203042056,1.0421283561906907,0.10493096705450078,-57.97280218003911
0.7525_0.8000_0.7854_15_1.dat,0.7525,0.8000,0.7854,1,0.014142135623730883,0.01125135840204642,0.8584950270535073,0.17637488845669355,0.7945533953038255,44.85048099807173,0.044686585791241296,0.0007889699171606513,1.155666293295197,0.6488711940707834,0.438530657305379,46.99287212207774
0.5150_0.8000_0.0000_28_0.dat,0.5150,0.8000,0.0000,0,0.0027855711422844886,0.005671342685370757,1.01752872739893,0.21650443776839123,0.7872252331176601,0.143105207614326,6.013362907199837e-05,0.02780068696050461,1.2673279969965263,0.905270114723589,0.2856860127220323,-4.011029470122139
0.2775_0.5000_1.5708_13_1.dat,0.2775,0.5000,1.5708,1,-0.005721442885771502,-0.0024649298597195202,1.0772093567691419,0.5512751724664917,0.4882376680054811,86.89996611155377,0.007717983820445514,-0.002322795442612666,1.1577744231638163,0.7497092929361235,0.35245650798934136,-86.25788939163353
0.9900_0.5000_1.5708_31_1.dat,0.9900,0.5000,1.5708,1,0.0023246492985972305,-0.010120240480961997,0.7774868533863231,0.3713326758564546,0.5223936273145647,88.9269486849765,-0.012940046426687496,0.0017537772233826533,1.185966180831021,0.876745748053292,0.26073292626359246,76.98824526699576
0.9900_0.3500_-0.7854_36_1.dat,0.9900,0.3500,-0.7854,1,0.0033555688534062165,0.010129056657157229,0.7896573745959838,0.4966140836568262,0.3711018225962732,-47.424332343480444,0.007396228407689169,-0.03029023554056641,1.2174270665340865,0.9182907905281157,0.2457118658102344,-54.468913772399205
0.0400_0.3500_-1.5708_12_1.dat,0.0400,0.3500,-1.5708,1,-0.01851002004008018,0.04118236472945899,1.296961461070903,0.7466625049113779,0.4242986184841163,-89.16482939970574,-0.0149781628346603,0.0371995334209681,1.3823626450088542,0.8730975554294522,0.3684019467815842,-84.7704428258092
0.0400_0.2000_0.0000_38_0.dat,0.0400,0.2000,0.0000,0,-0.028597194388777628,0.00395991983967938,1.325839884362694,1.0359769393966434,0.21862590527315606,-0.5457581393102089,0.03395756589362857,0.010597078027394267,1.563496031807316,1.3882926657756067,0.11205872126786509,-16.14241998837221
0.7525_0.5000_0.7854_22_1.dat,0.7525,0.5000,0.7854,1,0.006072049213195071,0.0044424444068532675,0.8430854080290114,0.44196937995189123,0.475771522383314,52.3087624740687,0.006667944119800588,-0.0228442305527954,1.068071488959696,0.9222385528223024,0.13653855350022992,57.06540434624952
0.7525_0.3500_0.7854_21_0.dat,0.7525,0.3500,0.7854,0,-0.0040910165877466485,-0.003759427435847591,0.8924544823324706,0.5325842078411629,0.4032365589679938,45.902235673841915,0.01220332479706595,0.009265003818940765,1.0692352684139375,0.8892459246992864,0.16833464910079177,32.527662497958374
0.9900_0.3500_0.7854_22_1.dat,0.9900,0.3500,0.7854,1,-0.0001622519568053593,-0.011344175023625143,0.7919223293928841,0.5021988866022732,0.36584830612457064,53.20338877878129,-0.0036880648589082588,-0.003699499351386618,1.0706361659696926,1.0267212403991295,0.04101759959770146,54.34881015693717
0.0400_0.6500_-0.7854_21_1.dat,0.0400,0.6500,-0.7854,1,-0.025152595923970438,0.03348483615117864,1.288115233147273,0.4473565525645983,0.6527045554212065,-45.92790530525994,-0.030292573836122282,0.009419874453994273,1.4860423862162606,0.8238369930587386,0.445616759858122,-46.847001420668306
0.0400_0.8000_-0.7854_29_0.dat,0.0400,0.8000,-0.7854,0,0.0407542906351204,-0.04503377456133956,1.205786989614533,0.25783596977422246,0.7861678953289688,-44.81865180861942,0.03372281789356038,-0.04721439054244584,1.4570561417728496,0.815552741792179,0.4402736322844305,-51.95858558280679
0.7525_0.2000_1.5708_28_0.dat,0.7525,0.2000,1.5708,0,-0.010244488977955933,-0.01569138276553114,0.8917000629680378,0.6614045039014467,0.2582657203141253,-85.71481623427518,0.0075313753677868165,-0.008327135006041805,1.2117059862844557,1.029683515223823,0.15021999818518816,76.37909874756195
0.2775_0.6500_1.5708_38_1.dat,0.2775,0.6500,1.5708,1,0.014364729458917834,-0.012645290581162403,1.1233005723123985,0.4018996617787977,0.6422153859038306,88.46047484719851,0.045042117757795486,-0.019140790861659155,1.3316084413686007,1.0969186478976494,0.17624534824196658,-89.51254700714367
0.5150_0.3500_-0.7854_17_0.dat,0.5150,0.3500,-0.7854,0,0.014927180026090286,-0.025685405843261195,1.0227514481673143,0.6275034076079933,0.3864556156508727,-48.70413434906996,-0.0038628040350435376,-0.03051461793537228,1.2703984511313346,0.7944396129950801,0.3746531946039421,-43.6916302255479
0.0400_0.5000_-0.7854_12_1.dat,0.0400,0.5000,-0.7854,1,0.004307824879372871,-0.0039677334415276905,1.253007444507513,0.5797240316113017,0.5373339287388204,-47.849218689963635,0.019054364152739388,-0.005952172183667379,1.3760979882171116,0.7278816510456405,0.4710539094758126,-47.1182296137049
0.5150_0.8000_-0.7854_24_1.dat,0.5150,0.8000,-0.7854,1,-0.002247437585093961,-0.0017656413814797723,1.0510704017587522,0.19995583672485756,0.8097598063932995,-45.74004612003887,-0.009764542128639754,0.016317526084480963,1.1812059746374028,0.8864877452951346,0.24950621286244212,-48.143294620433096
0.5150_0.6500_1.5708_15_0.dat,0.5150,0.6500,1.5708,0,-0.0036753507014027965,0.0099799599198396,0.9616572840160134,0.34952432602577815,0.636539615687081,-88.38592806269415,0.01631917771707764,0.022239750232011017,1.1625321852158255,0.6846863026981312,0.4110388414140823,-86.78543691379504
0.5150_0.5000_-1.5708_30_0.dat,0.5150,0.5000,-1.5708,0,0.012224448897795552,0.004869739478957996,1.0427846633453992,0.516868656106329,0.5043380725909969,-89.04349677957923,0.016496310734988754,0.0023988801575665773,1.3558467588464524,0.911703568210039,0.327576245426355,-78.98766321670003
0.2775_0.3500_1.5708_25_1.dat,0.2775,0.3500,1.5708,1,0.028409819639278577,-0.002004008016032147,1.152076115768453,0.7404456534979553,0.35729450219175285,-88.10800422029095,0.020198181847605176,-0.016628525594552357,1.373252355602408,1.0166778814992286,0.2596569178625294,-88.58705808516551
0.2775_0.8000_-1.5708_37_1.dat,0.2775,0.8000,-1.5708,1,0.0023647294589178524,0.01360721442885779,1.0980722610396663,0.2338561006429508,0.7870303176390838,-89.773907449211,-0.01274900292732106,0.005148807149164756,1.4285558536351868,0.958377162410719,0.3291286721677865,89.05496650221149
0.5150_0.8000_0.7854_18_0.dat,0.5150,0.8000,0.7854,0,-0.005019182803532635,0.0005413122052369546,1.0429475288613181,0.2110584793205953,0.7976326962958268,43.603748895122266,0.001072065761102322,0.005308269263085975,1.1975014040148546,0.7395628093045816,0.382411739288944,39.7246971228862
0.5150_0.2000_-0.7854_19_1.dat,0.5150,0.2000,-0.7854,1,0.0032903846611525966,-0.013969255809492886,1.0350515532430595,0.8571982098813896,0.17183042023792305,-43.683321130699,0.00162538247866289,-0.025677805284620606,1.1392787832904816,1.1159772680231432,0.02045286510123412,-31.498772109910192
0.2775_0.3500_0.7854_16_1.dat,0.2775,0.3500,0.7854,1,-0.018709988748289778,-0.02093900471383378,1.0737965954220234,0.7243644347870368,0.32541745999637184,46.44209868815863,-0.03682681260138105,-0.004037007694455162,1.216709201314791,0.8684248552822327,0.28625109899407186,34.28348019498705
0.5150_0.3500_-1.5708_32_0.dat,0.5150,0.3500,-1.5708,0,-0.005588176352705448,-0.028777555110220357,0.9093531650818328,0.6419789842225564,0.2940267776328852,73.82768934777174,0.017257004762986007,-0.017874253222922673,1.195762776021268,1.1290276486532085,0.05580967120427616,-69.0871727360489
0.0400_0.8000_0.0000_30_0.dat,0.0400,0.8000,0.0000,0,-0.014288577154308701,0.00553907815631264,1.290546983388395,0.2576522862391599,0.8003541989903529,0.375903691628622,-0.011400364530958239,-0.02491560086938922,1.457105193979157,1.0479835945616813,0.28077698240867566,3.2770042076975585
0.0400_0.5000_1.5708_23_0.dat,0.0400,0.5000,1.5708,0,0.00351703406813631,-0.006492985971943972,1.2556113043893908,0.6185646456295134,0.5073597669381258,89.50665573880046,-0.011774362793705855,-0.0011562704888695462,1.4577394427015957,1.0029545868333745,0.3119795229148624,86.78614838531136
0.9900_0.2000_0.0000_22_1.dat,0.9900,0.2000,0.0000,1,-0.00360721442885779,0.0023246492985972158,0.8980490649538863,0.6175293406373704,0.31236569945197834,-0.9497227846472072,-0.014969198188622888,0.0035582793923763386,1.1819401054598635,1.0326684382090496,0.12629376612339926,3.0901491945011514
0.2775_0.8000_1.5708_10_0.dat,0.2775,0.8000,1.5708,0,0.0012304609218436722,0.022284569138276467,1.1927682180216705,0.2444498387209724,0.7950567134271755,89.4909049100455,0.0017483787948079838,0.016658950843585537,1.2713609678069533,0.45881492227760895,0.6391151420441621,-84.39632076780235
0.0400_0.3500_0.0000_12_0.dat,0.0400,0.3500,0.0000,0,-0.01825651302605218,0.004663326653306584,1.3712839634600278,0.844869270806769,0.3838845247814374,2.570682047724972,-0.01963274372275397,0.0006721276055592984,1.5270796724734426,0.9602930863723539,0.37115718080580085,9.333516939482365
0.9900_0.5000_1.5708_17_0.dat,0.9900,0.5000,1.5708,0,-0.002274549098196356,0.005591182364729373,0.6801307926895935,0.3507246566903955,0.4843276315964957,-89.82866872053714,-0.009480678233821179,0.015002270420208104,0.9622210388589567,0.7965634866214839,0.17216164015070456,68.52730894684616
0.2775_0.5000_-1.5708_16_1.dat,0.2775,0.5000,-1.5708,1,-0.004519038076152344,-0.047234468937875675,1.1434813806651942,0.5798257739783085,0.49292941382131816,87.18242841756444,-0.01517115836692997,-0.026205219087201827,1.2779988263108144,0.8635143079580204,0.32432308216532724,78.03354938571758
0.5150_0.6500_-0.7854_29_0.dat,0.5150,0.6500,-0.7854,0,-0.0013249395599387761,-0.0075032673474604026,1.04700760025052,0.35850621425515294,0.6575896734948512,-49.48821273414967,0.0033754940779581353,-0.015429523185898518,1.3065158441528621,0.8882545766389359,0.32013486050383455,-53.25746866479925
0.5150_0.8000_-0.7854_29_0.dat,0.5150,0.8000,-0.7854,0,0.013235225122810284,-0.016522775688647507,1.044777081554779,0.2053321406524456,0.8034679892222734,-46.30359088536136,-0.007124917269250667,0.005295825559011975,1.2541480806262817,0.8792029381502726,0.2989640125181816,-41.27807058805203
0.5150_0.3500_1.5708_20_0.dat,0.5150,0.3500,1.5708,0,0.006031062124248519,-0.00683366733466942,1.0331677791403306,0.7520050118689389,0.2721366006064758,86.60589064309119,-0.009510394064633674,-0.03682808357367564,1.3105545781880719,1.045416262889097,0.20231001418158867,84.81590527946443
0.9900_0.5000_0.0000_28_1.dat,0.9900,0.5000,0.0000,1,0.007394789579158237,-0.005841683366733508,0.7876393110081485,0.3261878642320768,0.5858664496893018,1.8052477965490823,-0.015225844337210193,0.007035658682425161,1.1635747330543842,0.9377801597240019,0.19405248920941376,1.2057918344178518
0.0400_0.2000_1.5708_38_1.dat,0.0400,0.2000,1.5708,1,-0.03265731462925853,-0.017795591182364807,1.2509321648984857,1.112937095599208,0.11031379092444726,-70.17851645249499,0.0034959189751294375,-0.013344265605629221,1.510831504622893,1.4079364297781556,0.06810493064904699,-77.09615826935283
0.9900_0.6500_-0.7854_32_0.dat,0.9900,0.6500,-0.7854,0,-0.005002178231640362,4.2511429730702764e-05,0.8441493242027027,0.25771237863759994,0.6947075934924087,-42.55992015680883,0.006275726596970719,-0.021735479709343877,1.2503520816556144,1.0754917574372496,0.1398488687976822,-22.88327251814684
0.2775_0.5000_0.0000_12_1.dat,0.2775,0.5000,0.0000,1,-0.02248496993987984,0.0034068136272544713,1.1326880459148163,0.5832578821377616,0.4850675044719016,-4.71657302108369,-0.0207403022754539,-0.0024398244866063678,1.166634411831445,0.726416916266143,0.37733971422480583,-10.278191037378349
0.0400_0.8000_0.0000_14_1.dat,0.0400,0.8000,0.0000,1,-0.049899799599198484,-0.008889779559118217,1.316076451004368,0.2616967652782109,0.8011538272883036,0.8746519798534962,-0.05314360011756892,-0.006871219040687966,1.3607625803482126,0.7971206501042585,0.41421033939639995,-1.258986209111697
0.2775_0.3500_0.0000_33_1.dat,0.2775,0.3500,0.0000,1,0.007775551102204329,0.011007014028056088,1.1571506501639417,0.7787188026014656,0.3270376657601678,-1.4848862937179206,0.03808607644671974,0.031694662480613374,1.4301119406586733,1.1963708768640924,0.1634424950587614,15.455068726877698
0.9900_0.5000_-0.7854_11_0.dat,0.9900,0.5000,-0.7854,0,0.00809134212540109,-0.005994111592022206,0.6475327953447646,0.4005820697887791,0.3813717657721136,-52.65706216452075,0.0001210572196011106,-0.001565033960765339,0.8536822960631107,0.6506910379306917,0.2377831414198759,-59.49055921250188
0.9900_0.2000_-1.5708_28_1.dat,0.9900,0.2000,-1.5708,1,-0.004120240480961912,-0.007795591182364647,0.7950415116304803,0.6125135981427785,0.22958287185957305,-84.45514296778859,0.005620705483801768,0.0073964351755848,1.206988855065268,1.0206224064645855,0.15440610558960366,-66.31308066264312
0.5150_0.2000_0.7854_27_0.dat,0.5150,0.2000,0.7854,0,-0.005985609306076183,0.003264877803314198,0.9809805781864414,0.8025241730073193,0.18191634895467357,28.224997656813258,0.005907848623338274,0.01196368896840726,1.3043166574238167,1.0767436996497812,0.17447677025264685,29.95431650291198
0.7525_0.3500_0.0000_32_0.dat,0.7525,0.3500,0.0000,0,-0.005470941883767622,0.004064128256513,0.8626161641326776,0.5590888959797703,0.35186828252643576,-1.7111341573914558,0.020675879691296854,0.0035701528534113837,1.2358393787359547,1.0121874903317862,0.18097164749105576,23.113427218460373
0.7525_0.2000_-1.5708_19_1.dat,0.7525,0.2000,-1.5708,1,-0.006525050100200393,0.021282565130260594,0.858994825552904,0.6549750944278885,0.23750984878598702,-81.90029368930405,0.014876674930987549,0.04026070201962197,1.0788519397631349,0.9043674492470625,0.1617316372016544,-65.68438277852523
0.7525_0.3500_0.0000_33_1.dat,0.7525,0.3500,0.0000,1,-0.015871743486974024,-0.00330861723446897,0.9115784583907066,0.5790899099945834,0.36473936536751406,8.001031637444612,-0.039062987671745986,0.01222026546183982,1.1967158531226147,1.0379294142492914,0.1326851636994686,6.576620009556507
0.2775_0.6500_0.7854_12_1.dat,0.2775,0.6500,0.7854,1,-0.027928592285382137,-0.011918787848817794,1.2356892388235883,0.3906068522371993,0.6838955621163552,46.33663230221002,-0.01428756103645,0.0031980301546801846,1.409136630108497,0.6105840385145606,0.5666963547264054,48.3519142214657
0.0400_0.6500_0.7854_15_1.dat,0.0400,0.6500,0.7854,1,-0.007102242860334676,-0.006586437512936082,1.215874161576253,0.45850514204181,0.6229008259807032,43.29183424946814,-0.02224730648584128,-0.0012201719111464293,1.3436033056879435,0.7109795959150574,0.4708411382249271,40.69934013730074
0.9900_0.2000_0.7854_39_1.dat,0.9900,0.2000,0.7854,1,-0.011693477271245338,-0.008428599467931067,0.7399450294676124,0.5920174094820848,0.199917039907628,26.95364711402067,0.010913379655690449,0.010936273212662637,1.2881811705286033,0.972875574593047,0.24476805215695796,44.62754314577842
0.0400_0.2000_0.7854_34_0.dat,0.0400,0.2000,0.7854,0,-0.041683873898564164,-0.014204485720669261,1.342231728241004,1.0554042959972458,0.2136944211709596,46.015801510045925,-0.042997580844797746,-0.016099302507034445,1.5493094421824773,1.3622905852964136,0.12071110637692528,47.87857294979334
0.2775_0.6500_1.5708_34_0.dat,0.2775,0.6500,1.5708,0,0.0011012024048096191,-0.010040080160320724,1.1916083718224355,0.3659400181988531,0.6929024444170465,89.55362341586411,-0.03359793595821257,-0.021671383516465862,1.424146557096747,0.9307303072754928,0.3464645175473572,-74.6019530642019
0.2775_0.3500_-0.7854_18_1.dat,0.2775,0.3500,-0.7854,1,0.0015034875648073892,0.012386413575854974,1.1543125413062305,0.7357407868834877,0.36261561703997713,-43.974253074093696,-0.0022991296322580385,0.019989485964908425,1.283385481603905,0.9413221156770297,0.26653205200621655,-41.16664119019444
0.7525_0.2000_0.0000_14_1.dat,0.7525,0.2000,0.0000,1,-0.005230460921843764,0.0021322645290581385,0.8695641051342778,0.6917940781250829,0.20443579255349298,4.415693699725807,0.014895785226701546,0.021455025226033056,1.1339823392443211,0.8903245582763222,0.21486911439059186,18.573203507287985
0.2775_0.6500_0.0000_26_0.dat,0.2775,0.6500,0.0000,0,0.010681362725450833,0.003850701402805605,1.2141127874127027,0.4366111565619676,0.6403866583990157,-0.5470586814946614,0.011444279221545556,0.0011451602665587801,1.4056062920114913,0.9805552318210912,0.3023969532621623,9.792114004003992
0.5150_0.8000_1.5708_29_0.dat,0.5150,0.8000,1.5708,0,-0.0030861723446893976,-0.01178356713426862,0.9348102716302318,0.1990246037831913,0.7870962591841135,89.49680125828675,0.0036266951596899922,0.01993406096838804,1.1985228838075768,0.9726594558436544,0.18845149393091165,-84.75091404132017
0.7525_0.5000_0.0000_23_1.dat,0.7525,0.5000,0.0000,1,-0.006913827655310702,0.0028456913827654916,0.8496602916899252,0.465407449015236,0.4522429098227393,4.05116045162643,0.005703846055853159,-0.02102876910565428,1.1350915673002715,0.9478353293067584,0.16497016045929025,16.9196450406736
0.5150_0.5000_-0.7854_17_1.dat,0.5150,0.5000,-0.7854,1,-0.008225961652881655,-0.018598750507161168,1.0232077580449659,0.480025523394756,0.5308621151271014,-45.23792300830124,-0.02280749813252522,0.0034273420114941146,1.1629970071391862,0.8863299714201567,0.23789144255804462,-49.438030361291396
0.7525_0.2000_-0.7854_39_0.dat,0.7525,0.2000,-0.7854,0,-0.007935466883055494,0.02142576058424976,0.8506142576636183,0.7275518124387327,0.14467479720231957,-52.288057188067526,0.012860469929028789,0.010550095015865603,1.245627728847115,1.1600449361618694,0.06870655710631635,-1.402251393065768
0.2775_0.2000_-1.5708_37_0.dat,0.2775,0.2000,-1.5708,0,0.029579158316633287,0.01989979959919847,1.2601007689091572,0.9358032499084399,0.2573584010122102,-84.39034709369852,0.007230114018453786,0.020330492616522332,1.4957344072592713,1.3880528376318433,0.07199244003802774,62.11757112461108
0.0400_0.2000_-1.5708_18_0.dat,0.0400,0.2000,-1.5708,0,-0.009138276553106199,-0.016452905811623172,1.2464528764267366,0.9856093982837976,0.2092686238493917,84.87843474418716,-0.0201811622422172,-0.03705535209448857,1.4089100935780832,1.1258488001504212,0.2009079888900479,76.2364394530224
0.9900_0.8000_1.5708_14_0.dat,0.9900,0.8000,1.5708,0,-0.00038076152304610797,0.009178356713426778,0.8014220686980645,0.1586990387546192,0.8019782023067685,-88.76483054536178,-0.002356487887557213,0.014208928009425676,0.977870779840518,0.6114002965718426,0.3747637119583872,-81.44828934580357
0.7525_0.3500_1.5708_39_1.dat,0.7525,0.3500,1.5708,1,0.007997995991983996,-0.014649298597194469,0.804363021805792,0.5973865480399669,0.2573172412888445,81.62676288652781,0.018455550926529122,-0.01895717705107766,1.2919969139136451,1.1512478887264044,0.10893913419722623,-84.72041654045726
0.0400_0.8000_1.5708_12_1.dat,0.0400,0.8000,1.5708,1,0.00047695390781561485,-0.005731462925851787,1.2569988720813141,0.23470245714387417,0.8132834783254352,-89.37175534277254,-0.002600118657793305,-0.002435399232257982,1.3329613007748666,0.695126484270068,0.47850962824953547,-87.20416518180758
0.0400_0.3500_-0.7854_31_0.dat,0.0400,0.3500,-0.7854,0,0.005534279627102241,-0.003194733944258621,1.334476115635659,0.8219135672345498,0.3840927105367916,-50.31213970448513,0.01375873109732584,-0.0026981685664935508,1.433634282397663,1.2435202329682224,0.13260986554498888,-55.17493539948097
0.7525_0.5000_-0.7854_23_1.dat,0.7525,0.5000,-0.7854,1,-0.004810876797852447,0.003521363429355878,0.9110552090342061,0.4229505303999483,0.5357575191866684,-46.822691466109404,-0.003727554254906699,-0.03443464143726066,1.210203069716425,0.7151667811957094,0.4090522499143161,-50.37366318446084
0.9900_0.8000_-1.5708_21_0.dat,0.9900,0.8000,-1.5708,0,-0.0003607214428857561,0.0062324649298598,0.7717017374660905,0.1395605761257746,0.8191521810174659,-89.75317236879314,0.0048201628053641836,0.01996323528630589,1.0933793683946982,0.7769136646814003,0.28943815189958577,84.92342024043906
0.7525_0.6500_-1.5708_26_1.dat,0.7525,0.6500,-1.5708,1,0.008746492985971934,0.007755511022044164,0.8724537970248958,0.33317880322802707,0.618112954102348,87.49245748211125,0.004629301754833226,0.02441378140068151,1.1700934608108886,0.7628770587796445,0.34802040663404643,-78.22111795201266
0.0400_0.8000_-1.5708_32_1.dat,0.0400,0.8000,-1.5708,1,0.0026172344689378933,-0.013126252505009936,1.2553773464733624,0.2718757318835374,0.7834310674417556,-89.23383104667373,-0.04531083700651288,0.001598927086052664,1.4376450840511887,1.095450196686689,0.23802459394234998,-77.54234827117027
0.2775_0.6500_0.0000_19_1.dat,0.2775,0.6500,0.0000,1,-0.019699398797595274,-0.004727454909819643,1.2259577035638232,0.37526267681105346,0.6939024276937321,-1.2082575462834484,-0.01633867335221573,0.00769881773044492,1.3271790263874583,0.764503483925537,0.4239635582499426,-0.3610344093993092
0.0400_0.5000_1.5708_22_1.dat,0.0400,0.5000,1.5708,1,0.00649298597194393,0.001422845691382677,1.3095893199192012,0.6321132801358211,0.5173194599855006,87.19376487399866,-0.010306134072754334,-0.00813247418420582,1.4390732505739907,1.0192730079927235,0.2917156874494229,-86.92182788500669
0.7525_0.6500_0.7854_37_0.dat,0.7525,0.6500,0.7854,0,-0.025847657800066627,-0.02323887306226215,0.9532192541345063,0.3035585756827373,0.6815438060382455,47.72054414494685,-0.028618159278159788,-0.042782867181157674,1.490513279043055,1.020926071693977,0.3150506700957164,50.546359161112505
0.7525_0.2000_1.5708_10_1.dat,0.7525,0.2000,1.5708,1,0.000721442885771516,0.007995991983967872,0.9051925232220515,0.7969497739195762,0.11957980929535628,88.02350009302039,0.0002802436020794374,0.023575652311404367,1.0696357039412965,0.9667993041609055,0.0961415175292567,74.26149949575387
0.7525_0.2000_0.7854_17_1.dat,0.7525,0.2000,0.7854,1,-0.006203834645360197,-0.002440156066539584,0.9104233291802892,0.6732372509024596,0.2605228476420778,43.35436689807037,-0.03160805546790802,0.005309066240982927,1.076783125213579,0.9853699216200232,0.084894721558182,-77.35216803326203
0.0400_0.2000_-1.5708_32_1.dat,0.0400,0.2000,-1.5708,1,0.04620440881763528,0.02987975951903816,1.2390914284962307,0.9864679893704812,0.20387796518965107,81.20651844110328,0.03506999560401183,0.05939809629278004,1.4903469941596292,1.2951849136673605,0.13095076600085065,89.52197143734202
0.2775_0.2000_0.7854_11_1.dat,0.2775,0.2000,0.7854,1,-0.004965334992540489,-0.012606055962796674,1.0821593263054936,0.9393430986024212,0.13197338343019138,49.25650383780866,-0.012274840988122678,-0.012814225376751193,1.1846151779579828,1.0614781860524996,0.1039468294824184,38.69969641787162
0.2775_0.3500_0.7854_20_0.dat,0.2775,0.3500,0.7854,0,-0.019461732530693512,0.010307604662025866,1.1370528878526227,0.765570466096332,0.3267063702356472,35.015270986677336,-0.03204966977264906,0.005658986712845303,1.3059974226837037,0.9940362541953814,0.23886813485992253,33.17825252993566
0.9900_0.2000_0.7854_12_0.dat,0.9900,0.2000,0.7854,0,0.0032677118986295505,-0.009814472077150398,0.7400813422560019,0.6317368136076273,0.14639543312645353,29.737239943673046,0.023689914303562817,-0.01622437411637978,0.8671969803409468,0.7815958990186539,0.09871007771341411,37.99079158306665
0.2775_0.8000_0.0000_37_0.dat,0.2775,0.8000,0.0000,0,0.01675350701402798,0.0011743486973948072,1.092927940453298,0.22119784754524985,0.79760985206993,-0.8616196140062584,0.008783485669720412,0.01113601262957335,1.3481999212517932,1.0535160910299854,0.2185757657871661,0.8572771363128027
0.2775_0.8000_-1.5708_35_0.dat,0.2775,0.8000,-1.5708,0,0.0038396793587174506,0.010661322645290653,1.1512000036680778,0.22871366621769054,0.8013258638907763,-89.41082823880126,0.009457148033102367,-0.012928919075083627,1.415573717848187,1.0522866611658033,0.2566359152489891,-89.75772196595486
0.2775_0.5000_-0.7854_32_1.dat,0.2775,0.5000,-0.7854,1,-0.023360030636994555,0.012689661774600292,1.2532186774149439,0.6237005040030293,0.5023210910887816,-46.30715803235384,-0.024577424102951384,-0.02262993908835363,1.4799795124768975,1.0505478646598552,0.290160535464673,-43.609630025142394
0.5150_0.3500_-1.5708_13_1.dat,0.5150,0.3500,-1.5708,1,0.010017034068136232,-0.013026052104208334,0.9804493785696012,0.6770659807319062,0.30943300538402874,88.62472705012352,0.005089243466384935,-0.009257620113263738,1.1655684304364395,0.8626402094733204,0.25989741404517075,67.27664531240191
0.7525_0.5000_0.7854_19_0.dat,0.7525,0.5000,0.7854,0,0.0014099624194000005,-0.0009848481220935707,0.7888006536011619,0.44821407185922446,0.4317777630977305,48.15918493392352,0.011383320642695094,0.0010474803395632021,1.0120607518316886,0.7544819491291631,0.25450923004013726,51.60716979267837
0.2775_0.3500_-1.5708_21_0.dat,0.2775,0.3500,-1.5708,0,0.020489979959919805,0.009298597194388847,1.168271228389535,0.7400679625717407,0.3665272715892127,84.62846857912729,0.019754544796808157,0.022564863358603648,1.282849548373788,1.0479169931293204,0.18313336551607418,-88.37676625532777
0.9900_0.3500_0.7854_30_0.dat,0.9900,0.3500,0.7854,0,0.007924130501793896,-0.005118376139570842,0.7165443851429854,0.4510989146032485,0.37045223721454124,53.110347148033824,-0.003010302891971767,-0.03215465039623164,1.212140409940783,1.0245554513992863,0.15475513975370303,66.0811282936534
0.9900_0.8000_-0.7854_32_0.dat,0.9900,0.8000,-0.7854,0,-0.013036838450733992,0.012526701293966163,0.8605555881588238,0.14794426493724433,0.8280828490652485,-44.13036735379691,-0.04292029875972407,0.03196572674623337,1.3186015038431083,0.9022306884619045,0.3157669805226804,-41.60258141260289
0.5150_0.6500_0.0000_31_1.dat,0.5150,0.6500,0.0000,1,-0.006913827655310701,0.00048396793587174026,1.1075093766002284,0.33926508669365035,0.6936684294853488,1.8829061481183942,-0.003046114562027211,-0.02743113259159804,1.3168756354729256,0.9367615675472953,0.288648417273755,-2.9645356012166815
0.7525_0.8000_-0.7854_13_1.dat,0.7525,0.8000,-0.7854,1,0.0002579026736992612,-0.0011024630776815668,0.9039551869283061,0.1652809875790253,0.8171579852971915,-45.56779364710874,-0.00028214901988792674,-0.010600762976714093,1.0566411184130844,0.5181046340383555,0.5096683017442378,-48.89259706202415
0.9900_0.3500_-1.5708_39_0.dat,0.9900,0.3500,-1.5708,0,0.015579158316633222,0.011462925851703484,0.6878902168607175,0.4610316124158051,0.32978896760621645,-85.69400110122254,0.017291472667470394,0.01803075873916517,1.1760387263392613,1.0310372831023586,0.1232964867477272,62.27219924896862
0.2775_0.6500_-0.7854_39_1.dat,0.2775,0.6500,-0.7854,1,0.0025953227850563786,-0.0007205687339345368,1.1431834899501783,0.42991292368488876,0.623933578936112,-47.25673091408282,0.0372788700374076,-0.0076645921024719585,1.571786644900837,1.008811152615305,0.358175515813121,-49.880465794705714
0.0400_0.6500_1.5708_32_0.dat,0.0400,0.6500,1.5708,0,-0.007925851703406806,0.006633266533066047,1.2884455284013148,0.4249764807977707,0.6701634089839439,-89.51769532029525,0.009210438266602021,0.003718073086438055,1.5198492254427642,0.9647651169063177,0.36522314137755263,85.07126211858011
0.5150_0.2000_0.0000_22_0.dat,0.5150,0.2000,0.0000,0,-0.011743486973947972,-0.00923446893787573,0.964529279334432,0.7633512304520185,0.20857640425517754,1.8910342513448768,-0.026491878667786545,-0.017781468971615,1.1952943112265846,1.0457187223433553,0.12513703736257065,-7.2103198994403215
0.2775_0.5000_0.7854_32_0.dat,0.2775,0.5000,0.7854,0,-0.016508605212070725,0.0065325897019437714,1.160356228287131,0.5637736539873759,0.514137434484585,45.695815562160675,0.025710998624789507,0.03142045689133007,1.3991439948911455,1.020946333890864,0.2703064605081663,38.16907827608938
0.7525_0.3500_-1.5708_24_1.dat,0.7525,0.3500,-1.5708,1,0.0057314629258516745,-0.02292585170340673,0.964048484611842,0.5848642326842124,0.39332487730666554,-88.76905552356399,-0.0043939635013477115,-0.009829926429485188,1.2561410346753383,0.8951979366780719,0.28734281265682526,-79.8751623508884
0.5150_0.2000_-1.5708_26_1.dat,0.5150,0.2000,-1.5708,1,0.007246492985971968,0.009318637274549181,1.0998727208227077,0.8607411810607348,0.2174174658892366,87.75363067526254,0.007474587885305959,-0.00825398922326978,1.3372352025500276,1.1431076234018736,0.14517085609021085,-81.7125438010188
0.5150_0.2000_1.5708_17_1.dat,0.5150,0.2000,1.5708,1,-0.02020040080160324,-0.008136272545090258,1.1532427035449757,0.8591365796063766,0.2550253498544066,-75.8407438303355,-0.03636813070356684,-0.019948530711088062,1.2094473730346929,1.0382252544487833,0.14157054073075248,-87.231164855315
0.5150_0.6500_0.0000_30_0.dat,0.5150,0.6500,0.0000,0,0.024649298597194304,0.004510020040080154,0.961910820714529,0.32684104259653707,0.6602168979097749,-0.9898131462643391,0.025162809506751812,0.03677378140025395,1.2804012985221838,1.0403627721020257,0.18747132379294384,-12.624478440482136
0.9900_0.6500_-0.7854_13_1.dat,0.9900,0.6500,-0.7854,1,-0.0008417263086670057,-0.014275338103553605,0.7329009693168714,0.27035974717260886,0.6311101247081061,-45.049514776013325,0.008289311063756534,-0.022856150676517747,1.0514003554963252,0.5378459646484517,0.48844799049496657,-47.023033719640466
0.9900_0.6500_0.0000_24_1.dat,0.9900,0.6500,0.0000,1,0.011302605210420757,-0.004124248496993987,0.7396964481571712,0.2348957022328499,0.6824431118764287,-0.38464207723754384,0.03193159091385085,0.015795441963057502,1.1548913928244584,0.7503200463227566,0.3503111626040112,-3.0005047554855366
0.5150_0.3500_0.7854_35_1.dat,0.5150,0.3500,0.7854,1,0.027882538236507166,-0.0019789070539620248,1.0041157654070898,0.6854366649523237,0.3173728681827507,43.078368922603914,0.03115981618656364,0.03691830401182678,1.4306414480007206,1.16822384968003,0.18342653128595676,50.60053380305485
0.9900_0.6500_-1.5708_33_0.dat,0.9900,0.6500,-1.5708,0,-0.004047094188376759,0.020380761523046166,0.7404050733929084,0.2767451603201705,0.6262246569273425,-89.08960243602307,-0.028203389102127326,0.042284240423918186,1.1796713968829138,1.0334064986612377,0.12398783136401959,-71.90908360510922
0.5150_0.2000_-1.5708_12_0.dat,0.5150,0.2000,-1.5708,0,-0.0025170340681362428,-0.028617234468937804,0.9164943420107686,0.8148682452587319,0.1108856782782437,72.07940301290915,0.017414494549806023,-0.0418641315365959,1.069554221655015,0.8593879176950048,0.19649897097764846,75.48441825340913
0.2775_0.8000_0.7854_36_1.dat,0.2775,0.8000,0.7854,1,-0.002034880436440718,-0.006013950259229921,1.1149538024172947,0.25202661527200737,0.7739577956274092,45.23154798151677,0.014140754913405093,0.010664159291026739,1.4227676329249026,0.9654035512949231,0.3214608422667993,48.80233818547752
0.0400_0.8000_-0.7854_36_1.dat,0.0400,0.8000,-0.7854,1,-0.008669497569738114,0.022023754695794297,1.3018624955772322,0.2642249585156722,0.7970408092918311,-46.62013099647163,-0.006558188123917408,-0.0016516399055382448,1.74585863798005,0.9891152469770687,0.43345055237606744,-41.96425992976663
0.7525_0.6500_0.0000_39_0.dat,0.7525,0.6500,0.0000,0,-0.021783567134268614,-0.008010020040080161,0.8660592774679635,0.29858587373137596,0.6552362159270085,-2.8638985709536087,-0.03137053239525181,-0.014247616975606512,1.2548216074365812,1.1178248509909376,0.10917628102173671,16.854197905085584
0.2775_0.2000_-0.7854_29_1.dat,0.2775,0.2000,-0.7854,1,0.005594504152554038,-0.027451047224740996,1.1976739099282232,0.9784567389252635,0.18303577391620507,-58.51212816827943,0.01698159071875554,-0.046312194386430264,1.3544703215849543,1.3030473616800744,0.03796536482593915,-62.76627369399567
0.2775_0.3500_1.5708_37_0.dat,0.2775,0.3500,1.5708,0,0.0038036072144288823,-0.013226452905811696,1.1413653977106524,0.7560426315059632,0.3375980794385116,84.57544693305822,-0.020862120303656785,-0.016895001539278254,1.4972338072581222,1.1328788135780083,0.24335210166497345,83.18281621634046
0.7525_0.5000_1.5708_39_1.dat,0.7525,0.5000,1.5708,1,-0.011452905811623204,0.003126252505009939,0.8913340632726872,0.4298698132059828,0.517723117606836,89.06722369932992,-0.023812806210657414,0.03657816888381833,1.290720649344495,1.0778571818777978,0.16491830945356145,87.32967282341353
0.7525_0.2000_0.7854_25_0.dat,0.7525,0.2000,0.7854,0,0.025815774227768516,0.02567973765263043,0.9404572431376134,0.722389802259753,0.23187384909741338,39.06921949669763,0.03522949431356923,0.017319891345002066,1.194911807637379,1.0284655367834041,0.13929586249806858,57.15624975607604
0.5150_0.8000_-1.5708_30_0.dat,0.5150,0.8000,-1.5708,0,-0.0018116232464929732,0.03889779559118244,1.084852066335822,0.19957926651172542,0.8160308924093025,-89.3349612195517,0.028895431343988275,0.059638534958997395,1.2542278510378808,0.8268573359731967,0.34074392042166224,84.89150474453562
0.2775_0.3500_-0.7854_19_0.dat,0.2775,0.3500,-0.7854,0,-0.019534001961235666,0.008296814035766048,1.0943595783222222,0.7531088864586086,0.3118268424961288,-42.91814892901368,-0.009201305438366761,-0.0026358970126678333,1.2601329399829957,1.0138308249672894,0.19545724677193976,-31.447331126531424
0.0400_0.3500_0.7854_22_0.dat,0.0400,0.3500,0.7854,0,-0.009085401057269678,-0.010724925197215275,1.2397601227769628,0.8210144328091711,0.33776347720382804,47.14963354040964,-0.01751689135731303,-0.009585407434083842,1.3169435063432113,1.1608024077625025,0.11856324726811518,14.289879442852623
0.9900_0.8000_0.0000_19_1.dat,0.9900,0.8000,0.0000,1,-0.0250701402805612,-0.002172344689378741,0.8396167583105928,0.1541480136853499,0.8164066972704145,-1.345042708618223,-0.018122449850676004,-0.0013897525064514571,1.0796731100468515,0.7384467106093775,0.3160460293603744,1.332994511365257
0.5150_0.5000_0.0000_23_0.dat,0.5150,0.5000,0.0000,0,-0.008416833667334747,0.004358717434869697,0.9876196153456422,0.5037588203497849,0.4899262706791401,2.2582047563622325,-0.037273967829719805,0.00627166656313282,1.2558675453974735,0.8719713374048776,0.3056820835919407,4.919011405774285
0.5150_0.3500_1.5708_18_1.dat,0.5150,0.3500,1.5708,1,0.012960921843687405,0.0006813627254508248,1.0079392713137953,0.6705132516974927,0.3347682040173767,88.43796625923109,0.020194387008789963,0.009644043795954188,1.2069416556646835,0.9290231505708523,0.2302667273015585,84.50168686611585
0.2775_0.8000_0.0000_23_1.dat,0.2775,0.8000,0.0000,1,0.0014228456913826814,-0.0028216432865731302,1.1044202918768342,0.2293928306260161,0.792295711774555,0.6626719588008996,0.008428200171225843,0.009228447701386727,1.2588119297820126,0.8351158195367309,0.3365841236654413,-3.8712903722739895
0.5150_0.5000_0.7854_18_0.dat,0.5150,0.5000,0.7854,0,0.027625344086636732,0.010379874092567971,1.0021764822981396,0.48583128827147437,0.5152238185061069,38.892019427263165,0.018001388135433786,8.751135721842385e-05,1.2566997980356265,0.8548389127977799,0.31977476710508246,41.64024945449134
0.5150_0.8000_1.5708_26_1.dat,0.5150,0.8000,1.5708,1,-0.0018156312625250664,-0.018897795591182442,0.9942351168215402,0.20204184104755915,0.7967866577742048,-89.82708202513138,0.010428501290571199,-0.010932556387717769,1.2967876084778498,0.8074020888147792,0.37738293955284175,-88.46873574730962
0.7525_0.8000_-1.5708_35_1.dat,0.7525,0.8000,-1.5708,1,0.0016993987975952058,0.029378757515030135,0.9383205491284425,0.17388675620551686,0.8146829925370054,-89.36972301261514,0.008991461879510207,0.035945509060389284,1.3414659101261772,0.8000413812173959,0.403606625275968,89.87808874466143
0.0400_0.2000_0.0000_21_1.dat,0.0400,0.2000,0.0000,1,-0.07044088176352713,0.008064128256513047,1.2402694386285165,1.0382999785983644,0.16284321272439706,-7.131200352385804,-0.0555165318862854,0.021697636840848224,1.4441958849381733,1.203025217100025,0.16699304460936948,12.260906919004782
0.0400_0.6500_0.0000_36_1.dat,0.0400,0.6500,0.0000,1,-0.025050100200400886,-0.014455911823647295,1.2415215354901248,0.4288610750795122,0.6545681546231032,1.72952606551803,-0.0023996744243785216,-0.02344257076615884,1.4726113739640043,0.9715751101493074,0.34023658425644077,3.615190196041027
0.0400_0.3500_-1.5708_27_0.dat,0.0400,0.3500,-1.5708,0,0.027315631262525022,-0.03863727454909812,1.2944931454714168,0.8198971075911134,0.36662692231365135,83.49115941025049,-0.006674067940416164,-0.04235910191918549,1.4817215904259602,1.2082283588512646,0.18457801610090108,-79.05059196946178
