file,kpc,ell_t,theta_t,Nf,x0,y0,width,height,ell,theta,x1,y1,width_o,height_o,ell_o,theta_o
0.5150_0.6500_-0.7854_24_1.dat,0.5150,0.6500,-0.7854,1,-0.0023062450628880504,0.012969528686993786,1.052325886002278,0.3694166091805473,0.6489522741059439,-47.862903927402044,-0.007709560625174197,-0.02725110344661355,1.5315132218019623,1.4907495579190801,0.02661659285900253,57.54465608417518
0.0400_0.6500_0.7854_48_1.dat,0.0400,0.6500,0.7854,1,0.0015020705171497183,-0.016154343297648633,1.3325162111834747,0.4831447847787109,0.6374192068180501,44.702925294950774,0.021660787918760888,-0.004964465463042595,1.88466959241938,1.6987777966703672,0.09863362601949788,-11.41854679653099
0.0400_0.8000_1.5708_36_1.dat,0.0400,0.8000,1.5708,1,0.0037675350701402645,0.03036072144288569,1.393697816393492,0.25569748257323754,0.8165330536034615,89.98814858283174,0.010002559321113567,0.02622949743627876,1.9049035395600098,1.5263908520712022,0.19870438561746573,79.33361633429323
0.0400_0.3500_0.0000_35_0.dat,0.0400,0.3500,0.0000,0,0.00246492985971936,-0.018523046092184393,1.297448849738455,0.8725331929386694,0.32750089291415374,0.6999028705320995,-0.01769160592266541,-0.026023335797469092,1.8630120707805988,1.6997590901155541,0.08762851471844835,2.0525484650826513
0.0400_0.2000_1.5708_41_1.dat,0.0400,0.2000,1.5708,1,0.014092184368737451,0.011382765531062043,1.3344463744978088,1.0522865746407082,0.21144334103593,88.89960840148859,0.008572917801874214,0.037050736661830556,2.1097396856558026,1.8205137318457434,0.13709082489015922,-72.34880651956246
0.2775_0.3500_0.0000_49_1.dat,0.2775,0.3500,0.0000,1,0.011963927855711338,0.009417835671342663,1.1454359278755197,0.7691971149742294,0.3284677944397236,-3.7374388853147877,0.017178316662285965,-0.02509085605819701,2.0622552103916107,1.9414156622535064,0.05859582632120375,-38.714978376120314
0.7525_0.2000_-1.5708_33_0.dat,0.7525,0.2000,-1.5708,0,0.01115831663326655,-0.01038076152304601,0.8533648882161895,0.7248834122390218,0.15055866224556747,87.76932499811132,0.02261345808227577,-0.03409887699645889,1.7923448310908996,1.3703415837095825,0.23544757686190743,31.063489184694077
0.2775_0.3500_0.7854_47_0.dat,0.2775,0.3500,0.7854,0,0.0023990616844665443,-0.0120066448035945,1.0385513995117484,0.7782180401478307,0.25066969192502897,50.15707923196069,-0.0027855150498561927,-0.07082102422446239,1.9748207541577412,1.6383259447658454,0.17039258306529725,30.078896803836557
0.0400_0.6500_0.7854_25_0.dat,0.0400,0.6500,0.7854,0,-0.0104422241895064,-0.002367886635997499,1.232285609065303,0.4440777551585293,0.639630819436928,46.531428498076394,-0.0013980629984027982,0.02660782341026754,1.6634307260539065,1.50975385676131,0.09238549395871642,38.30505555908297
0.9900_0.6500_-0.7854_26_0.dat,0.9900,0.6500,-0.7854,0,-0.004872518370961867,-0.00575108791872861,0.6676683656247715,0.26177493073552455,0.6079267130013442,-43.91256311505015,0.035153588338556536,-0.005777978272719486,1.3331984064230344,1.3260031329568265,0.0053970012501836084,-1.0245488722623861
0.2775_0.8000_0.7854_30_0.dat,0.2775,0.8000,0.7854,0,-0.023171563298521963,-0.022797462716892182,1.1865181336873711,0.2257243985454962,0.8097589980828974,45.29327629748682,0.008624799332544661,-0.024629098416069414,1.8104665363230035,1.144176558292783,0.36802115071589947,39.45177051540816
0.9900_0.2000_0.7854_23_1.dat,0.9900,0.2000,0.7854,1,0.004897316704971304,0.008479613183607763,0.7229037226715737,0.6340203176370154,0.12295330933707116,65.77902435349651,-0.013442653549861605,0.00043962391261035403,1.3108742348695772,1.1282841312324547,0.1392888034413835,-40.22889975695199
0.2775_0.2000_-1.5708_35_1.dat,0.2775,0.2000,-1.5708,1,0.02696593186372747,-0.025310621242484888,1.168477156389623,0.8215057066531285,0.296943288826092,-86.6144192555219,-0.02774956205959968,-0.013976517607583448,1.8410259250220131,1.4266821317120086,0.22506135719139875,-56.462313973956086
0.9900_0.5000_0.7854_48_1.dat,0.9900,0.5000,0.7854,1,0.012944730352984163,0.0024727481626662983,0.7260344218194634,0.34815996205121585,0.520463559869907,44.26032619438277,-0.0071837283190023735,0.02862790353276539,1.8268861434890817,1.5165503077214832,0.16987147057500973,-22.13897628271704
0.5150_0.5000_0.7854_34_0.dat,0.5150,0.5000,0.7854,0,0.0016933719509376977,-0.031621418481318345,1.0555194249788515,0.5015069671746796,0.5248718732156655,42.36074566641551,-0.03703570588576847,-0.03361262828182836,1.8147164201469335,1.2760004086666843,0.2968596115070312,36.036027882437764
0.7525_0.2000_0.7854_24_1.dat,0.7525,0.2000,0.7854,1,0.002374971874285806,0.0009692605978588637,0.8654365931827985,0.7215188469882969,0.16629496294490875,45.2108936632471,-0.014715755740762258,-0.003288088350377993,1.5314230900643606,1.4392422253810395,0.060192944249944036,26.10714071053434
0.0400_0.3500_-0.7854_46_1.dat,0.0400,0.3500,-0.7854,1,0.006241386408288794,-0.00968622926412952,1.2685306757201091,0.8081464666811852,0.36292713913092944,-48.88781717483724,0.019509765035272984,0.017470758673291235,2.0392538616053546,1.8619076682449296,0.08696621676166072,-33.44746855879748
0.0400_0.6500_-0.7854_34_1.dat,0.0400,0.6500,-0.7854,1,0.005367776527323871,-0.003106168465653074,1.2938414226787893,0.4758968408211575,0.6321830229891285,-43.43833582289869,0.0035691452259600685,0.04112316779054371,2.0178973242899176,1.3856314000627945,0.31332908598291176,-29.845836962278128
0.9900_0.2000_1.5708_48_0.dat,0.9900,0.2000,1.5708,0,-0.009298597194388794,-0.0014829659318638022,0.7394134299473816,0.6413418982039679,0.1326342310963876,64.52769871098275,0.053854141205710276,-0.027239558674703748,1.908109071295308,1.5987722218801925,0.16211696389301478,-64.15676793925611
0.5150_0.8000_0.0000_39_1.dat,0.5150,0.8000,0.0000,1,0.0038677354709418087,0.004949899799599215,0.9876663200921931,0.21328148766448501,0.7840551172742467,-2.334906406119387,0.007482275879631744,0.05934688349691498,1.9623657937692245,1.5987416955746299,0.18529883640917,32.00858551021159
0.5150_0.3500_1.5708_27_0.dat,0.5150,0.3500,1.5708,0,-0.006226452905811596,-0.018416833667334744,0.9695327532223279,0.6345667709658759,0.34549217769401075,86.35954775555757,-0.027468785798870292,-0.03896110690453117,1.7258542379444373,1.3860421369076799,0.1968950178790808,-67.54377397012168
0.5150_0.8000_-0.7854_20_1.dat,0.5150,0.8000,-0.7854,1,-0.016483098354232343,0.014720291068067907,1.101567988362228,0.22259589657455917,0.7979281361420943,-44.76581425504841,-0.01722099860997062,-0.004685227061052095,1.472568352145023,1.2170511955258998,0.17351802804054772,-49.12458810073812
0.9900_0.8000_0.7854_38_0.dat,0.9900,0.8000,0.7854,0,-0.01116350144726985,-0.011509261075745814,0.8352634603170238,0.15131271697547946,0.8188443237801295,42.6365684524699,0.03996139586384258,-0.003005318186321144,1.7287894667169845,1.345547738879018,0.22168212799546516,44.72025060459106
0.7525_0.5000_0.7854_39_0.dat,0.7525,0.5000,0.7854,0,0.017245469994068677,-0.008261387844323877,0.8725629384996484,0.45443032044796683,0.4792005248018565,44.24492527263513,0.03773841917189002,0.013625303799463724,1.7113588287553791,1.538368866938615,0.10108339578472536,80.35287459577876
0.9900_0.5000_1.5708_23_1.dat,0.9900,0.5000,1.5708,1,-0.006192384769539043,-0.007915831663326727,0.8351762517187887,0.35798819076320554,0.5713621046737529,86.36310517110036,0.007746945655115677,-0.01248260471408411,1.519687103304005,1.0995588559297802,0.27645707228863703,-89.21422146230593
0.5150_0.6500_-1.5708_23_1.dat,0.5150,0.6500,-1.5708,1,-0.00862024048096193,-0.006352705410821562,1.0937787223209658,0.3643732969049416,0.6668674481692675,89.22429955971967,-0.015620166121435823,0.02966679413820187,1.5652077655929906,1.2250653582423183,0.21731454112854265,70.70256757148182
0.0400_0.5000_0.0000_28_1.dat,0.0400,0.5000,0.0000,1,-0.01755511022044096,0.013456913827655266,1.3040946535780542,0.6075961309606271,0.5340858661650356,0.667281576199855,-0.0011330953170279056,0.031009544237243843,1.6682123096469261,1.466999212963508,0.12061600044541354,5.7895103178018985
0.0400_0.3500_-1.5708_47_1.dat,0.0400,0.3500,-1.5708,1,-0.02029458917835674,-0.025871743486973867,1.2931335610010914,0.8345671829835679,0.35461640765283364,85.00578966098142,0.00621483398499159,-0.02486506088740933,2.208244718328175,1.7518409465174962,0.2066816997330868,49.06874041428892
0.2775_0.3500_-1.5708_41_1.dat,0.2775,0.3500,-1.5708,1,-0.019864729458917853,0.008416833667334745,1.149601809791886,0.7948364146365311,0.30859850091883434,85.29716127777375,-0.035798764992545286,0.01327833834490923,1.9480918102496882,1.6708008287827498,0.1423397911782186,77.54263075745415
0.7525_0.8000_-1.5708_31_0.dat,0.7525,0.8000,-1.5708,0,0.0010300601202405007,-0.02368737474949892,1.030783381983299,0.17753415783300594,0.8277677338070606,-89.7963837181265,-0.028184151550866825,0.012727200930607778,1.5977284504335914,1.2844266734284129,0.19609200607284338,86.5794648212114
0.9900_0.3500_0.7854_38_1.dat,0.9900,0.3500,0.7854,1,-0.014413500250178322,0.001263297986829203,0.7647971643879197,0.4463296746302563,0.4164077805028715,48.042673125951204,0.01975620328759109,0.021710892667640223,1.8303949893144609,1.51590791022579,0.17181377840553202,22.89147417188954
0.0400_0.8000_0.7854_20_0.dat,0.0400,0.8000,0.7854,0,-0.015357962514027733,-0.01904795461464848,1.3467236590246048,0.25798354873035245,0.8084361650576459,45.77599557576825,-0.002190266124513739,-0.015497884490747328,1.6788390715828985,1.0412730108529655,0.37976603685355137,49.85237879941308
0.5150_0.6500_1.5708_44_1.dat,0.5150,0.6500,1.5708,1,0.006565130260521043,-0.04028056112224457,1.0328825669957702,0.33128015405796674,0.6792663903491718,88.78902807517589,-0.001260657624602185,-0.07118980953445887,1.8753702181014393,1.4586683511625653,0.22219712295566296,60.646657250278416
0.0400_0.6500_0.0000_47_1.dat,0.0400,0.6500,0.0000,1,-0.0011623246492986727,-0.0026372745490981977,1.4276974844012207,0.471393117158083,0.6698228284994239,1.7307529855416135,0.03572326212511124,0.011223769684274404,2.2395869375850266,1.8220327975714954,0.18644247874734654,4.604767844840268
0.9900_0.8000_-0.7854_20_0.dat,0.9900,0.8000,-0.7854,0,0.00032308686595292904,-0.004523216123341537,0.7321436551184882,0.15178351849760952,0.7926861519095658,-45.025315373252454,0.013224039929295972,0.012989091565726328,1.2737506923569824,1.0349477278733994,0.1874801449895156,-41.415320013800454
0.5150_0.3500_1.5708_48_1.dat,0.5150,0.3500,1.5708,1,0.004962925851703433,0.0008416833667333906,0.8966150500447484,0.6747421863748744,0.24745610020576925,85.70683068277057,0.04042313157319454,0.015531662596354613,2.2253838470227953,1.4265671297904639,0.35895682369628923,-51.71871863652379
0.5150_0.3500_-1.5708_31_0.dat,0.5150,0.3500,-1.5708,0,0.03735871743486971,0.02220440881763535,1.0908101213574892,0.6937194405497131,0.36403281655803255,-89.09874982359807,0.01678642088059816,0.001476241034109691,1.7269422179141574,1.4823126316485675,0.14165476049398995,67.38631586673215
0.7525_0.2000_-0.7854_22_0.dat,0.7525,0.2000,-0.7854,0,0.02523761878343165,-0.020136247215753106,0.8913328055426429,0.7392260579094799,0.17065090243207248,-34.239516199828216,0.044461477977766554,-0.010464313130875577,1.350870688511764,1.2111663411748133,0.10341800183025751,-61.55384485882941
0.5150_0.2000_0.0000_49_1.dat,0.5150,0.2000,0.0000,1,0.00785571142284561,0.020184368737474964,0.9915226053896189,0.8166000014174093,0.17641817041929542,11.30632216076296,-0.022184908356014877,0.024737655137455218,2.039802086543905,1.765595961491001,0.13442780888488015,62.24307956951726
0.2775_0.5000_0.7854_48_0.dat,0.2775,0.5000,0.7854,0,-0.005335184431197123,-0.017535964763894928,1.0972714003232984,0.5897055965852762,0.4625708859161678,43.77361651362341,-0.016576727521549168,-0.024789551917239184,1.9570072099528015,1.6475878773407788,0.15810842752055332,-2.0861368080144587
0.0400_0.5000_0.7854_24_0.dat,0.0400,0.5000,0.7854,0,-0.002713646264473456,0.008381836895227219,1.2230352444514143,0.6272334796145338,0.4871501189682592,49.68426444316691,-0.005884502411726029,-0.008414352961491097,1.892980196273221,1.1339816400279075,0.40095430355773476,43.3586652445064
0.7525_0.2000_1.5708_32_1.dat,0.7525,0.2000,1.5708,1,-0.0011062124248497152,0.0023647294589177583,0.8588914311440732,0.7373846595807086,0.1414693023558441,-88.67457957423488,-0.019371424289866216,-0.0012277529213305582,1.6824912328928494,1.3292239782285091,0.20996677293642596,81.42349296192405
0.5150_0.8000_-1.5708_24_0.dat,0.5150,0.8000,-1.5708,0,0.0008697394789579332,-0.016573146292585092,0.9734546186398856,0.2201545995430518,0.7738419487385528,-88.15725944525039,0.01730531430302034,-0.027290391074817975,1.6293945278205246,1.2158491832720018,0.2538030768408682,-71.68191075344117
0.7525_0.5000_1.5708_28_0.dat,0.7525,0.5000,1.5708,0,0.008527054108216473,-0.006513026052104281,0.8610183419699982,0.4132551901573568,0.5200390398050818,-87.39137926257088,0.007561164079978661,0.007448204358347843,1.5783933298983566,1.2761247475754751,0.19150396583489526,88.77161777322726
0.2775_0.2000_1.5708_44_0.dat,0.2775,0.2000,1.5708,0,-0.0018436873747495186,0.002785571142284485,1.1282683497692245,0.9329614156390869,0.17310326410386823,81.35461217619368,-0.015052588483440448,0.0036960571146835873,1.907057375725676,1.7202674333441612,0.0979466820238889,-16.448996870824175
0.7525_0.6500_1.5708_29_0.dat,0.7525,0.6500,1.5708,0,-0.005442885771543083,-0.011122244488978033,0.8449997499801719,0.30155952992943225,0.6431247110587803,85.23083287594467,0.017579954885455242,-0.02966369558642672,1.8047595968385177,1.30562538187805,0.2765654859709983,76.76290966050881
0.2775_0.6500_0.0000_40_0.dat,0.2775,0.6500,0.0000,0,0.004829659318637191,0.0020060120240480957,1.1039455272245913,0.4042759211143087,0.6337899731966927,-2.558707119808986,-0.013199689497705457,0.019238496559135187,1.6578791877719117,1.4860843480076666,0.10362325616447765,-3.7502571338510506
0.5150_0.5000_-0.7854_24_0.dat,0.5150,0.5000,-0.7854,0,-0.003585130573951916,0.013787873709308856,0.9493523788761108,0.48035151843918167,0.49402189415921094,-42.08586724969044,0.00917321544031878,0.004201369900492391,1.4779665235485353,1.3947921333800708,0.056276234165822836,16.23368219442051
0.5150_0.8000_0.7854_31_0.dat,0.5150,0.8000,0.7854,0,0.002581860832308326,0.00549531081651585,1.0127231803373669,0.18697479331491595,0.8153742336058415,45.53338466581762,0.028173693207420136,-0.03509262269073152,1.6805964129899724,1.455485119139762,0.13394726545304936,51.45369333090055
0.0400_0.8000_1.5708_21_0.dat,0.0400,0.8000,1.5708,0,0.005571142284569117,0.0027054108216432054,1.2326865634259692,0.2623668246650126,0.7871585263849845,89.89890060572722,-0.008459353109025214,-0.0038240863357268534,1.5258864772849445,1.0483073750094971,0.3129846875143806,79.21886244761444
0.9900_0.2000_0.7854_44_0.dat,0.9900,0.2000,0.7854,0,0.006623280752035852,0.013016999783526264,0.7772027399917764,0.5210852945830354,0.32953749675593136,53.74493593471526,-0.03014830472838275,0.033677517959845964,1.9170365662886166,1.776728975426273,0.07318983546254376,-70.44835606364893
0.9900_0.5000_-0.7854_42_1.dat,0.9900,0.5000,-0.7854,1,0.005179309188851281,0.0035071929527789973,0.783086627880258,0.3322057507134983,0.5757739451984412,-40.66847027752755,-0.007461741433733031,0.01126199583976723,1.7156538692452845,1.4394607630815206,0.16098416534639426,-63.7645945201773
0.5150_0.6500_1.5708_34_0.dat,0.5150,0.6500,1.5708,0,0.0007505010020040153,0.019158316633266444,1.0777146537984386,0.3451781488531082,0.6797128556835363,89.5042297332178,-0.0007342831829486168,0.031118290424890085,1.9568333416694934,1.2791211638841256,0.34633106629671917,-84.4815074086434
0.0400_0.2000_0.0000_48_1.dat,0.0400,0.2000,0.0000,1,-0.015551102204408897,0.018340681362725476,1.3255915801942348,0.957662641456131,0.277558294904221,8.076206089396521,-0.013396225521993353,0.019296320150408972,2.1457943140870963,1.93471906192441,0.09836695473418944,13.892132614615065
0.7525_0.3500_-1.5708_39_1.dat,0.7525,0.3500,-1.5708,1,0.0014198396793586787,0.0009819639278557946,0.8048858154286053,0.5848610886595245,0.27336141667736646,72.90603099803594,0.01396935355108499,-0.01520886482835818,1.7380370581083815,1.5887527673357853,0.08589246706573217,45.36135764320208
0.5150_0.5000_0.0000_36_0.dat,0.5150,0.5000,0.0000,0,-0.027154308617234543,0.015891783567134225,0.9804927996704719,0.46315747577543054,0.5276278663840362,1.4954304852534221,0.0249586154164287,0.023794810247143458,1.8957460836812303,1.4309495426956862,0.24517868979741464,4.3282705448424394
0.7525_0.3500_-1.5708_34_0.dat,0.7525,0.3500,-1.5708,0,-0.0149669338677355,0.008256513026052192,0.9028769431297027,0.5387140119106483,0.4033361733180738,-85.7627972436554,0.042010807010771506,-0.013322728258419878,1.7907559397922717,1.353036053399014,0.24443302220403818,-83.59152450702716
0.2775_0.6500_0.7854_21_1.dat,0.2775,0.6500,0.7854,1,0.005889250065353235,-0.002800086171592484,1.1317491064486291,0.3836260487724718,0.6610326029094287,47.09246739170608,0.0021718241495305855,0.009837516338108603,1.5152774486981182,1.2950385876684034,0.14534556771694684,53.072363714143705
0.2775_0.2000_-0.7854_38_1.dat,0.2775,0.2000,-0.7854,1,0.00261870407140826,0.017015908273523242,1.2151104587224932,0.9277266725922549,0.23650836355435478,-39.86671901999796,-0.02025268784088101,0.007526585524056639,2.02730692421212,1.7410226771267565,0.1412140626889159,73.48820940968018
0.0400_0.3500_-1.5708_28_0.dat,0.0400,0.3500,-1.5708,0,0.023043086172344664,-0.0022845691382764734,1.2308495719472727,0.8520718219912555,0.3077368336382241,-81.33535822699777,0.03779764855158808,-0.019374246638413313,1.6476256603940147,1.4672138519851674,0.10949805695894754,86.5881621632732
0.7525_0.2000_0.0000_20_1.dat,0.7525,0.2000,0.0000,1,0.015330661322645212,-0.018036072144288554,0.9090350607105827,0.7320818803301669,0.19466045703682044,-8.202970329406497,0.008700181549215934,-0.033407313420686265,1.4292804149035976,1.1353555733999146,0.20564532924318268,5.751179825868604
0.9900_0.6500_-1.5708_25_0.dat,0.9900,0.6500,-1.5708,0,0.0032965931863727384,0.0024048096192385614,0.7679177628226322,0.2547677744819816,0.6682356017582758,-86.22628017833178,-0.0070209764125357035,0.00021388050362963927,1.5742275026102863,1.275745258410956,0.18960553268470126,51.085940691956374
0.7525_0.2000_1.5708_43_0.dat,0.7525,0.2000,1.5708,0,-0.007102204408817654,0.004569138276553026,0.8562690778722957,0.738563647599025,0.1374631331610754,73.41011164331452,-0.017114442764536126,-0.007527581736807812,1.7451650355399397,1.681479247304542,0.03649270237395852,-73.99902181153752
0.0400_0.6500_1.5708_41_1.dat,0.0400,0.6500,1.5708,1,-0.0069929859719438815,0.01601202404809611,1.2545620801645365,0.42847065715866584,0.6584699442673481,-88.55923876104785,-0.05014170760473247,0.07786810460797135,1.946771480568989,1.6382440807071335,0.1584815695839562,-64.22688099717405
0.0400_0.6500_-0.7854_27_0.dat,0.0400,0.6500,-0.7854,0,0.002093687914234663,-0.004424731311132199,1.2380180233068065,0.4496834381642433,0.6367714930650873,-44.60287453039598,-0.021809699947915717,-0.00701481020895522,1.7391526651529559,1.2550920400176844,0.2783313016932295,-39.93033717334083
0.0400_0.5000_1.5708_45_1.dat,0.0400,0.5000,1.5708,1,-0.0020841683366733072,0.013767535070140198,1.2566066169496402,0.6102569074125451,0.5143612175989347,-88.43882432007919,-0.07117458778950331,0.028775573845119178,2.106408902893618,1.6280897175436275,0.22707803062022458,-54.748892798804576
0.2775_0.3500_-0.7854_45_1.dat,0.2775,0.3500,-0.7854,1,0.021194781816046396,-0.006125897024187222,1.1991324903527358,0.6974439968703556,0.41837619905937495,-49.11482643973281,0.04415284540585139,-0.035194900525100964,2.02322421345342,1.62685329121876,0.19591052716698099,-70.71958601661733
0.7525_0.8000_0.0000_21_1.dat,0.7525,0.8000,0.0000,1,0.004689378757514956,-0.0038517034068136103,0.8531078627783385,0.1548168146526157,0.8185260956939023,0.5830181150448936,0.0003669244066626248,0.00861233489078227,1.2307932055705464,1.0105064259515983,0.1789795220041306,-26.68936578323877
0.5150_0.5000_-1.5708_24_1.dat,0.5150,0.5000,-1.5708,1,-0.01214428857715435,0.0024248496993988745,1.0439623189830631,0.5063056452089848,0.5150154023737337,-88.78616550337355,-0.03151110180148545,0.021197445836143157,1.7173050423747196,1.2995750615895745,0.24324739663461348,59.694767989096285
0.9900_0.3500_-0.7854_28_0.dat,0.9900,0.3500,-0.7854,0,-0.02597164947011439,0.002539349402577775,0.6805268989305727,0.41406495384577663,0.3915524066771393,-47.72018619550539,-0.03155281998726052,0.015759901595247327,1.3438650878262566,1.2764667267603338,0.05015262445350199,-55.438159888392676
0.0400_0.8000_0.0000_48_0.dat,0.0400,0.8000,0.0000,0,-0.00034068136272552785,-0.000488977955911806,1.255536469307673,0.2583718847665434,0.7942139546858287,0.6737293209747008,-0.026659813809217874,-0.04088371065324271,1.9819322692423564,1.6854976854754198,0.14956847333650625,-23.961176296917984
0.5150_0.3500_0.0000_20_0.dat,0.5150,0.3500,0.0000,0,0.013947895791583089,0.013833667334669304,1.0900287699328608,0.6468785655010323,0.4065490899466111,-2.7823138338296474,0.020191638414758364,0.004479284759656541,1.5080697448099107,1.2840537050467584,0.14854488032407887,-19.158058009010773
0.9900_0.3500_1.5708_35_0.dat,0.9900,0.3500,1.5708,0,-0.005132264529058081,0.015210420841683288,0.7285791374887095,0.5566367157255407,0.2359969053682014,-85.31171809318977,-0.053770476283767854,0.07069989282201496,1.7578491812950852,1.4450330534708953,0.17795390591684568,-50.91528526197607
0.2775_0.3500_0.0000_41_0.dat,0.2775,0.3500,0.0000,0,-0.0021442885771543892,0.012023046092184339,1.2030575592205421,0.7486637194139665,0.3776991685260481,-2.4137885183563697,0.041465804157763804,-0.007187337881521476,1.986761233829403,1.5580244134259458,0.21579685223527545,-5.658755116956257
0.2775_0.8000_1.5708_24_1.dat,0.2775,0.8000,1.5708,1,0.0019599198396793352,-0.0595390781563127,1.1397831485816041,0.2527871600633979,0.7782146890152067,-88.4141266949561,0.0020067964990003176,-0.04697940857547968,1.7916938700666003,1.2243819844213824,0.31663438443540026,71.50774391653194
0.9900_0.6500_0.0000_35_0.dat,0.9900,0.6500,0.0000,0,0.009218436873747411,0.005590180360721434,0.7467013900630144,0.2672696238959284,0.6420662564008708,-0.035942690863606686,0.03300173336629116,0.01466304220382363,1.7803904729972244,1.482528214695521,0.16730164692482474,-25.113805992798802
0.2775_0.8000_0.7854_39_1.dat,0.2775,0.8000,0.7854,1,-0.013660339420116938,-0.014907341358882768,1.1802846797641715,0.23225188723711002,0.8032238397913328,44.57582994819157,0.00814730166031129,0.0018651144043585228,1.9190085522942022,1.3916980610771719,0.27478277289938235,49.260595438964984
0.5150_0.3500_0.0000_45_1.dat,0.5150,0.3500,0.0000,1,-0.011603206412825733,0.0028396793587174085,0.9822762110191773,0.7004021780778084,0.286960052355239,-2.8877730137377284,-0.03334772405141223,-0.029388687013733605,1.9230045545153065,1.6902866513146217,0.12101786376649604,61.30819137600217
0.2775_0.8000_-0.7854_20_0.dat,0.2775,0.8000,-0.7854,0,-0.017381506569206843,0.0156073629017809,1.1479227605492748,0.24167534836644813,0.78946723884906,-44.80019040396422,-0.03127259977749537,-0.002459694300862555,1.4701253117754007,1.2819355498475826,0.12800933391218894,-26.10031373330156
0.9900_0.5000_-1.5708_27_0.dat,0.9900,0.5000,-1.5708,0,0.0043486973947895425,-0.002665330661322566,0.68803377031255,0.4155682440269277,0.39600603639244425,-89.1511885247696,0.0002905280097405524,-0.007426459299812684,1.535923774648072,1.4151613674258434,0.07862526071640441,-68.9193982771788
0.2775_0.6500_0.7854_44_0.dat,0.2775,0.6500,0.7854,0,0.028675376400983863,0.030698920456162987,1.1925597130057035,0.3929058883369483,0.6705356687367241,45.386407021083365,0.04576821504922027,0.018613745789569237,1.8892108695036869,1.7082718005091087,0.09577494599219227,73.76519334236409
0.9900_0.6500_0.0000_23_1.dat,0.9900,0.6500,0.0000,1,0.0058717434869738705,-0.005225450901803612,0.7821861027614523,0.26646665538760167,0.6593308747792116,1.3759380313604481,-0.011611291958306664,-0.028509365412214452,1.5285664858651968,1.3105528645538473,0.14262619475655303,12.395975016152931
0.9900_0.8000_0.0000_20_0.dat,0.9900,0.8000,0.0000,0,-0.027354709418837754,-9.619238476952146e-05,0.6814971813304765,0.13571554488899223,0.8008567773911598,-2.1757973398892148,-0.06279496573620846,-0.008268323948471417,1.24016713749092,1.1210414681312157,0.09605614094945036,-8.42972332649228
0.9900_0.3500_1.5708_23_1.dat,0.9900,0.3500,1.5708,1,0.004676352705410852,-0.0016633266533066938,0.7649812234076382,0.46947029106421256,0.3862982819722828,-89.55112704243258,0.02296208505973616,0.0013296059674055111,1.461171154885379,1.2305647591517337,0.15782298669298267,-50.695021624863045
0.7525_0.8000_0.0000_39_0.dat,0.7525,0.8000,0.0000,0,-0.013807615230461,-0.0013867735470941716,0.8471085170631767,0.18781237509751153,0.7782900640066347,-0.6349740869222558,-0.01330838386830639,0.01582798115977953,1.7052001050077146,1.6174560357019379,0.051456758094311605,29.712277431204086
0.2775_0.6500_-1.5708_46_1.dat,0.2775,0.6500,-1.5708,1,0.00594789579158316,0.023947895791583244,1.2152794966077216,0.42858464194972207,0.6473365648428575,-89.5920436349843,0.05250234939700274,0.058837148057375666,2.0088065455449016,1.664680510218386,0.17130869873443655,63.14928883832008
0.9900_0.5000_0.7854_29_0.dat,0.9900,0.5000,0.7854,0,0.011265528878623325,-0.00012753428919204417,0.6699003327544201,0.37957239568631546,0.43338974900097027,44.70967791582598,0.025281499372688376,-0.02589788825300439,1.3616251848617489,1.287228563313408,0.054638106268499076,-78.84303072629025
0.5150_0.2000_0.0000_24_0.dat,0.5150,0.2000,0.0000,0,0.0023647294589177535,-0.00872144288577151,0.9541231854407931,0.8104128396210868,0.15062032661255786,-19.373874659771985,-0.03444774161396664,0.005336821060196715,1.57680346363652,1.4555013852583385,0.07692910446710166,15.685108676141056
0.9900_0.6500_-0.7854_38_1.dat,0.9900,0.6500,-0.7854,1,0.00657864375081867,-0.01158790722074743,0.7518824082007829,0.28956167345362765,0.6148843618425197,-42.56683114454813,0.019714136628958597,0.04171960698209301,1.7732611607468138,1.5079031621420136,0.14964405947573112,-39.759432510569525
0.7525_0.6500_0.7854_42_1.dat,0.7525,0.6500,0.7854,1,0.010763894007801578,0.010803571342216843,0.8801289480362052,0.2715021772635045,0.6915200007120594,44.18855741766751,0.038473738085033946,-0.002174006359626954,1.9299260469964872,1.52873469904561,0.2078791301745705,53.546277749120755
0.7525_0.2000_0.0000_27_0.dat,0.7525,0.2000,0.0000,0,-0.009839679358717516,-0.0032705410821643075,0.7539913565915234,0.6075234875115337,0.19425669511930355,-8.055244074890311,-0.027059087233071787,0.0025452988753293005,1.726536586268509,1.1330483625642214,0.34374494489396756,32.74002531797501
0.0400_0.5000_-1.5708_29_0.dat,0.0400,0.5000,-1.5708,0,-0.0003707414829659766,0.03220440881763535,1.3090217649278497,0.6218287811448205,0.5249668127717537,-88.27807945480181,0.0054987429294287085,0.00824996217341388,1.6715496696347798,1.6025553751198744,0.0412756472441409,-58.770719264571596
0.9900_0.8000_-1.5708_48_1.dat,0.9900,0.8000,-1.5708,1,0.0035350701402805784,-0.02691382765531054,0.7624174126928198,0.13090410544517966,0.8283038880462699,88.6421984832171,-0.00985137694313399,-0.01577189954557997,1.778126135999949,1.7035713432303958,0.041928854910861735,86.09182688524992
0.0400_0.2000_-1.5708_30_1.dat,0.0400,0.2000,-1.5708,1,0.0003366733466934169,-0.005831663326653223,1.2444178038275937,1.0396070014472958,0.16458363240250873,-82.18953962667204,-0.037718605967602785,-0.00828353087261552,1.7722058944598698,1.6209833184169575,0.08533013941306278,28.321667357309934
0.0400_0.8000_0.0000_44_1.dat,0.0400,0.8000,0.0000,1,-0.026012024048096275,-0.0005891783567134101,1.3273170279921538,0.2535479424432537,0.8089771041159637,-0.7755344715577905,0.0072329475726362015,0.04681476729766575,2.10924392526077,1.596839494137811,0.2429327518672879,28.827719043390033
0.7525_0.2000_-0.7854_46_1.dat,0.7525,0.2000,-0.7854,1,0.012050573280982736,0.009556569403451134,0.91538218160276,0.7092765835027912,0.22515797471510157,-54.93246999290315,-0.028379203923420825,-0.04599076222444701,1.9539820355936486,1.6703254967189698,0.14516844766615256,-46.90115104639855
0.5150_0.8000_1.5708_26_0.dat,0.5150,0.8000,1.5708,0,0.004925851703406795,-0.027535070140280636,0.9861095022082572,0.2066635617159522,0.7904253419593286,-89.49842023632239,0.03371181504228491,-0.07103714206981294,1.5834865547962536,1.1641005221310423,0.2648497591564164,-71.03557800791754
0.2775_0.2000_1.5708_44_1.dat,0.2775,0.2000,1.5708,1,-2.4424906541753444e-17,0.009338677354709337,1.2059144221738747,0.9427314315496991,0.21824350533078585,76.68712280047696,-0.0023823645350094735,0.04606974260541177,2.0843889198582466,1.6958568666986529,0.18640093960296844,68.82694175118195
0.7525_0.5000_0.7854_23_1.dat,0.7525,0.5000,0.7854,1,0.0021468272013980072,0.0006022452545175128,0.9061347789267956,0.4468141519631532,0.5069010015349491,40.33967897198963,0.037535658643090365,0.03180240061879669,1.5153251583532243,1.3620481099348982,0.10115125956524051,52.83156806600093
0.0400_0.5000_-0.7854_36_1.dat,0.0400,0.5000,-0.7854,1,0.0236646958833974,-0.022474375850939133,1.3927002055511044,0.5723226778502877,0.5890553648451469,-46.29111754589712,0.02329919227953531,-0.05845791004363509,2.1608551695080904,1.691698483575572,0.2171162105414589,-45.06729429085925
0.7525_0.5000_0.0000_28_1.dat,0.7525,0.5000,0.0000,1,-0.005250501002004085,-0.007224448897795627,0.9170281113866707,0.47254499172464937,0.48469955734497894,4.651566974717156,-0.0455809602858029,-0.011936434622319714,1.5413651240601571,1.297766735467331,0.1580406775723303,-6.077951950927911
0.7525_0.2000_-1.5708_23_1.dat,0.7525,0.2000,-1.5708,1,-0.005883767535070128,0.0068737474949900675,0.8451248875754678,0.701880212459626,0.16949527486616633,-82.63076914721832,0.005576839841325365,0.012774054449416953,1.5426105337691622,1.3261880998239413,0.14029622461893976,-73.81676834817743
0.2775_0.8000_0.0000_36_0.dat,0.2775,0.8000,0.0000,0,0.024689378757514948,-0.0008456913827655138,1.1809840253127937,0.22463636286551897,0.8097888218208353,0.45680173283744807,-0.005230619895714436,-0.005993913284479557,1.8164499640711318,1.3754729471948572,0.2427686011718878,0.507167309242817
0.2775_0.6500_0.0000_47_1.dat,0.2775,0.6500,0.0000,1,-0.039118236472945975,-0.006502004008016031,1.1741853154351,0.38225605879043056,0.6744499750034911,0.25817430176090284,-0.03016454690387317,-0.014623383919783052,2.1160789537370643,1.6156348348309078,0.2364959577818947,37.83444722447112
0.7525_0.3500_1.5708_45_0.dat,0.7525,0.3500,1.5708,0,0.01180160320641285,0.010300601202404726,0.9321805311856582,0.5647698990860733,0.3941410701125332,84.02975634492626,0.027378860410357423,0.032322525642170676,1.886248680903035,1.4983197191676283,0.20566162121830456,-58.91452721345671
0.5150_0.5000_0.0000_49_1.dat,0.5150,0.5000,0.0000,1,-0.03709418837675357,-0.001152304609218476,1.0724947119850776,0.522482162281671,0.512834742733034,-0.6872944486954111,-0.018211615497331208,-0.024225927532918582,2.0446549295751906,1.7639349626291376,0.1372945443681184,16.607495531143115
0.0400_0.5000_1.5708_40_0.dat,0.0400,0.5000,1.5708,0,-0.017364729458917788,0.011663326653306523,1.2603756781971962,0.6041235115405335,0.5206798084166034,-87.65638345406802,0.007956853021199774,0.04696839780275337,1.940926433085347,1.8471053598087124,0.04833829437187598,85.31423448509904
0.9900_0.3500_0.0000_23_1.dat,0.9900,0.3500,0.0000,1,-0.026292585170340756,-0.004650300601202438,0.8380186918462884,0.5222875528213294,0.3767590652773545,-2.8439604290196314,-0.026232774490666882,-0.011147056432254096,1.4753367708528426,1.2828484683926884,0.13047075505945893,39.39374146507876
0.2775_0.3500_-1.5708_24_0.dat,0.2775,0.3500,-1.5708,0,-0.010264529058116255,-0.021883767535070056,1.1853963958198241,0.7533688647053642,0.36445827964211774,89.22241179910051,-0.03552688400430988,-0.015789766690473737,1.7433700256295641,1.1789769882791366,0.32373680231574165,-75.95718599843433
0.5150_0.2000_-0.7854_27_0.dat,0.5150,0.2000,-0.7854,0,-0.0091144505342523,0.01843295593121172,0.9782370072691395,0.8458785281517961,0.13530307904301975,-48.24417286273206,-0.010321711540761508,0.016195958725941723,1.5833378785660521,1.4060419501577541,0.11197605439015068,-66.75167054955892
0.7525_0.3500_0.0000_21_0.dat,0.7525,0.3500,0.0000,0,-0.007575150300601281,0.012648296593186335,0.8787808232449392,0.5346106984130227,0.3916450105966722,-5.270365410550767,0.001957057084293308,-0.014167618729769842,1.3619802980020301,1.0807150470035403,0.2065119821564927,7.155863992149477
0.0400_0.3500_0.7854_46_1.dat,0.0400,0.3500,0.7854,1,-0.006799703185418166,0.012524575722479473,1.3378995309316568,0.8257774305092763,0.38278068612951843,45.230469831643376,0.015474724060047755,0.012888608313260441,2.293111606130936,1.8086496376163965,0.2112683775265305,38.34119759782601
0.0400_0.2000_0.7854_37_0.dat,0.0400,0.2000,0.7854,0,-0.0038458673429665824,0.0003032481987452862,1.1962122514616391,1.0459792341519052,0.12559060244213838,11.459580237600676,0.018095340387808346,-0.006001286760191304,1.9399499681043249,1.574210173999328,0.18853052919833269,13.69220017551308
0.2775_0.8000_-1.5708_37_0.dat,0.2775,0.8000,-1.5708,0,0.001274549098196408,-0.018897795591182275,1.2242324375235414,0.23773278408610038,0.8058107457379564,88.85118881658367,0.022928360614754305,-0.00832559539661476,1.7692478224429873,1.4030718828133981,0.2069670144479655,-79.7284342319071
0.2775_0.3500_1.5708_30_0.dat,0.2775,0.3500,1.5708,0,-0.027628256513026018,-0.0020641282565131043,1.0299715782549559,0.7773845291839871,0.24523691177859297,-85.83296275972933,-0.05855766958399981,-0.007504263912267693,1.876471040392641,1.481268602375511,0.2106093989782204,-75.98755752724145
0.0400_0.5000_-0.7854_40_0.dat,0.0400,0.5000,-0.7854,0,-0.003500107714490614,-0.006589271608251367,1.3859836537857047,0.6242952905887437,0.5495651850701626,-44.11717634073912,-0.04048498746935775,0.04160040206914184,2.176166104720773,1.3693837653389738,0.3707356426660817,-42.342390563388136
0.7525_0.5000_-0.7854_22_1.dat,0.7525,0.5000,-0.7854,1,-0.003259209612683574,0.006773487803750926,0.7743951158688406,0.4814970619234811,0.37822817828175415,-47.47091197997963,-0.023565455226485725,-0.029945731625977343,1.344853822352457,1.2790418606876681,0.04893614500769217,-28.699720800999046
0.5150_0.2000_0.7854_29_1.dat,0.5150,0.2000,0.7854,1,0.00010769562198425675,-0.014108126479946468,0.9180334227970064,0.762307882956437,0.16962948839718117,54.6323074186768,0.022162279271234805,0.024261461218226702,1.7300587667273917,1.4815149825524683,0.1436620471829827,48.69720079625921
0.7525_0.6500_1.5708_45_1.dat,0.7525,0.6500,1.5708,1,0.007329659318637275,-0.0131262525050101,0.8142430008894169,0.30305749176922414,0.6278046093878765,-89.15522363255317,0.009597380642992608,0.023840835998576372,1.7621444752503606,1.7267154203339297,0.02010564707607032,-35.18290309651135
0.7525_0.3500_-0.7854_25_0.dat,0.7525,0.3500,-0.7854,0,-0.010569758478698388,-0.014225741435534532,0.8803401625485899,0.6173040289363375,0.2987892008138777,-38.010535351042336,-0.009403220395126987,-0.0036055815138227136,1.4680915364681049,1.2101525641572204,0.17569679131277272,-29.3292260192554
0.0400_0.5000_0.7854_21_1.dat,0.0400,0.5000,0.7854,1,-0.03347066567460173,-0.03301721042414148,1.3245919351569635,0.6127166698844427,0.5374298652876548,42.662535930684044,0.02897082732632442,-0.025814270215937917,1.6513128132247294,1.4478813953263978,0.12319375000855537,51.967190377145016
0.0400_0.2000_1.5708_31_0.dat,0.0400,0.2000,1.5708,0,0.0035751503006011937,0.04120240480961916,1.2804369575333119,0.9981861395523958,0.22043320158819535,-88.13289277178657,0.00500386375783316,0.02432223922317705,1.9226128243791683,1.5669227245557973,0.18500349904730662,-75.48498697062077
0.5150_0.3500_-1.5708_49_1.dat,0.5150,0.3500,-1.5708,1,0.0061352705410821365,-0.0032464929859718616,0.9986650460863822,0.71927404786925,0.2797644708924413,85.06244884148998,0.04186225270250547,-0.04010612858385869,1.9751917147779747,1.582872453430906,0.19862338344770147,-89.78641889280426
0.7525_0.6500_0.0000_40_1.dat,0.7525,0.6500,0.0000,1,0.004769539078156237,-0.007210420841683365,0.8897490854281676,0.31590911052859644,0.6449458440560534,0.8822054633033076,0.007426252260242176,0.007987860069218517,1.7646251188171327,1.602369904525104,0.09194882956261663,16.302418999553225
0.5150_0.5000_1.5708_35_0.dat,0.5150,0.5000,1.5708,0,0.00876753507014032,0.0044088176352704515,1.019207511097042,0.5108967756075617,0.49873134759608573,-88.61958689839078,-0.005054525655925123,0.016050681418143746,1.7461687259385386,1.4838470897691827,0.15022696963511473,81.88931514831448
0.9900_0.6500_1.5708_33_0.dat,0.9900,0.6500,1.5708,0,0.0032615230460921866,0.0002004008016031361,0.6949185459479088,0.2721327480609357,0.6083961931254389,88.3360480202476,0.03281512446398962,0.0449138864333037,1.3479355317279829,1.2263091224519638,0.09023162192341672,4.182147917667862
0.0400_0.2000_-0.7854_42_1.dat,0.0400,0.2000,-0.7854,1,-0.006801828756904718,0.00374100581629763,1.3311414771567391,0.9891252091886837,0.2569345737003007,-49.48222857375893,-0.003165700563876792,-0.023193340602377866,2.2201190077254545,1.5985793944454316,0.2799577910540929,-53.792522570431956
0.2775_0.2000_0.0000_34_1.dat,0.2775,0.2000,0.0000,1,0.02158316633266525,-0.0343887775551102,1.2087241451585657,0.8330026292789057,0.3108414085915122,5.3427588398287185,0.03042231494304517,-0.043003981927332256,1.8179640192402793,1.5188962108723798,0.1645070008002022,-1.6863105417096733
0.7525_0.5000_0.0000_29_0.dat,0.7525,0.5000,0.0000,0,0.008156312625250422,-0.01222444889779563,0.8768861760915666,0.45655548809318125,0.4793446395424683,-3.666051331979588,-0.03518964786863716,-0.04796772078661918,1.5114043417158407,1.3601326929259028,0.10008681635663752,-21.060780553486467
0.9900_0.6500_0.7854_39_0.dat,0.9900,0.6500,0.7854,0,-0.01844004116950014,-0.010921186297805112,0.7652136757829796,0.2448914837917518,0.6799698024984007,43.1572764585828,-0.020870361899191277,0.0199371497595057,1.7121034418898922,1.3862107976419875,0.19034635190509896,40.417625780741986
0.9900_0.3500_0.7854_29_0.dat,0.9900,0.3500,0.7854,0,0.0021921727264440434,-0.012508279674416225,0.8336075513545664,0.46649427633329854,0.44039101424252813,47.628728099913246,-0.03319328241300761,-0.02543277617139464,1.6548504060239617,1.270698523621456,0.2321369236784918,21.825908118287316
0.2775_0.5000_1.5708_42_0.dat,0.2775,0.5000,1.5708,0,-0.016893787575150258,0.02709418837675343,1.152547373091355,0.5801229367169064,0.4966602238996003,89.87183836254827,-0.037455386741134945,-0.015525027547075238,1.952977085696438,1.6817485051699015,0.1388795508728744,-79.0131429166845
0.9900_0.8000_1.5708_46_1.dat,0.9900,0.8000,1.5708,1,0.0009659318637274371,-0.02350701402805619,0.821076771040708,0.15033897782536293,0.8169002179481835,89.9170780871412,-0.015852547072993755,-0.0012524966435696584,1.8893657780969204,1.598130042254653,0.15414470782656875,59.09953891598754
0.7525_0.2000_0.7854_24_0.dat,0.7525,0.2000,0.7854,0,-0.005588835961923397,-0.0012129927949813737,0.829825539264469,0.6726359812043433,0.18942482560786633,43.771841752888804,0.022363964127593342,0.00815568021279581,1.3962102467236799,1.1891778318716966,0.14828168990866641,-25.48835035726796
0.2775_0.5000_0.7854_21_1.dat,0.2775,0.5000,0.7854,1,0.019739473871600386,0.02155329487344157,1.09464687637009,0.5735004250927219,0.47608636403871063,46.067665877025604,-0.017602766479019327,0.009030664341373338,1.588188736460852,1.027064394346647,0.3533108686846781,47.1260723268387
0.2775_0.5000_-0.7854_24_0.dat,0.2775,0.5000,-0.7854,0,-0.010592431241221414,0.004768365368121729,1.0524378696221575,0.6023186414293741,0.42769197231033085,-45.954341156735865,0.013454292577865859,-0.00872173159041431,1.5201182628661405,1.1466071746885804,0.245711861571425,-41.48048773038843
0.0400_0.8000_0.7854_30_1.dat,0.0400,0.8000,0.7854,1,0.011523431552322588,0.011602786221153166,1.4056570197097213,0.25122056445227886,0.8212789030825188,44.464867539962086,0.04452024553716145,0.009878524544383838,1.9316831677229853,1.4166700699467925,0.2666136488538522,51.2702834733699
0.0400_0.3500_1.5708_29_0.dat,0.0400,0.3500,1.5708,0,0.005171342685370769,0.009759519038076071,1.3584737456627327,0.8615277555248269,0.36581199432416733,86.0325047393155,-0.007453479662793643,0.0018401923178357781,1.8572410803526522,1.5545317346359036,0.1629887196223715,66.59271672810004
0.0400_0.2000_-0.7854_39_0.dat,0.0400,0.2000,-0.7854,0,-0.014992364218344071,0.015559183281419493,1.3118704207291623,0.9747357792070942,0.256987760524917,-51.90961231659054,-0.0027461339254601113,-0.00398270489577659,1.8587329047428705,1.756190845591073,0.05516772145699045,19.97793576597354
0.9900_0.6500_0.7854_31_1.dat,0.9900,0.6500,0.7854,1,-0.0040414199197275754,-0.003922387916481747,0.6533259258898341,0.25369506250003343,0.6116868282021731,46.57600177021225,0.03412606617540278,-0.0005290632129505468,1.5884068874537718,1.3430764003240814,0.15445065686094894,76.20124853506165
0.0400_0.3500_-0.7854_49_0.dat,0.0400,0.3500,-0.7854,0,0.01883256337067971,0.009168298345244448,1.1488025420071124,0.793918114466466,0.3089168195263702,-53.53413091746006,-0.03408134398111698,-0.043641839237584176,2.0887108440717803,1.6680071785003785,0.20141785865930228,-73.41448197903561
0.2775_0.5000_0.0000_41_1.dat,0.2775,0.5000,0.0000,1,-0.02108216432865739,0.03081162324649294,1.2536385563904533,0.6124739894970425,0.5114429223838551,-0.046356743437172554,-0.01972009954334992,-0.0009600387791651332,1.813839569777486,1.6043278735344133,0.11550729167782725,-1.2871553157287678
0.9900_0.2000_-0.7854_22_0.dat,0.9900,0.2000,-0.7854,0,0.015590358329888527,-0.0017826459533720296,0.7893518603102666,0.5855158796171509,0.25823209007576786,-27.01512261181182,0.049517544215050086,0.029749746720799025,1.4091156435015895,1.3149353916241664,0.06683642489653252,-47.17915405525824
0.2775_0.6500_1.5708_28_1.dat,0.2775,0.6500,1.5708,1,-0.0069438877755510975,0.015531062124248412,1.193491834140625,0.414525683115819,0.6526782410586842,89.10500136375909,0.0032394051882282094,0.018942235805066775,1.698589167111132,1.361603092396565,0.19839174842242435,-53.08092428471578
0.9900_0.6500_1.5708_24_1.dat,0.9900,0.6500,1.5708,1,-0.00709819639278556,-0.0015030060120241257,0.8080620720833868,0.29935486934997724,0.6295397597635473,88.55968010421753,0.004785837499779502,-0.008083527775706098,1.3769695055090807,1.3023773223671575,0.05417126729639932,-72.9781723126018
0.2775_0.5000_-1.5708_23_1.dat,0.2775,0.5000,-1.5708,1,0.0004208416833666928,0.008637274549098274,1.105330843884759,0.5818603578971201,0.473587151651235,87.0670069960365,0.0017084590268282463,-0.02614809435373405,1.6132817207989036,1.3301849578952751,0.17547881393178977,-28.192571536260772
0.7525_0.8000_0.7854_24_1.dat,0.7525,0.8000,0.7854,1,-0.017820791343090284,-0.018795720131579933,0.795032534853186,0.16894522412331953,0.7874989805863509,46.63803142291708,0.010820894151405809,0.004324296715023126,1.6867694197183163,1.1204275434040856,0.33575536151752594,41.6278309742533
0.2775_0.5000_0.0000_21_0.dat,0.2775,0.5000,0.0000,0,-0.0002404809619239312,0.0009719438877755116,1.1442404417525749,0.5342878820678599,0.5330632771120043,0.8370353546459626,0.007874590447544006,0.029573514293196525,1.5065985960907111,1.2435679742031058,0.17458573409673372,-3.613544016407076
0.5150_0.5000_-1.5708_37_0.dat,0.5150,0.5000,-1.5708,0,-0.004699398797595227,-0.017615230460921765,1.0236648397831005,0.5106772387133365,0.5011284759750647,-89.63527531198513,-0.04801721514690858,-0.027212101923699862,1.9451365886343275,1.3443239787061545,0.3088793935802735,-71.67558928527576
0.9900_0.2000_0.0000_21_0.dat,0.9900,0.2000,0.0000,0,0.01014028056112216,-0.007422845691382748,0.6975250790374863,0.5389038629540831,0.22740575335625834,-1.004230814667892,0.00011349327775952045,0.01502218778338307,1.4328841385913926,1.0950888813733737,0.235744990205622,-46.707696902651264
0.9900_0.3500_-1.5708_48_1.dat,0.9900,0.3500,-1.5708,1,0.004598196392785534,0.0012024048096193163,0.7521285302929643,0.5434155839337286,0.2774963825370901,79.16038338269232,0.03153508771995099,0.03806623840552341,1.917339369741564,1.7505398032616173,0.08699532754205608,-43.19798321648594
0.9900_0.8000_0.0000_21_1.dat,0.9900,0.8000,0.0000,1,-0.009659318637274629,0.0018877755511022196,0.7127091809972671,0.1435293444585693,0.7986144302817397,0.4467380286125433,-0.020789140617458512,-0.0035523665104506097,1.4395068476918056,0.8911327742000877,0.38094579013015106,-26.954126220242983
0.2775_0.3500_1.5708_25_1.dat,0.2775,0.3500,1.5708,1,0.00690380761523049,-0.0037675350701403564,1.148412390757995,0.7394121324410761,0.3561440660240208,-84.99249017921993,-0.014319032432713864,0.013582030362245413,1.6375622384141397,1.3250192185364074,0.19085871214300076,73.55427495856917
0.2775_0.6500_-0.7854_32_1.dat,0.2775,0.6500,-0.7854,1,0.011191133876594648,-0.03157536443244331,1.2039567197899743,0.39728835650688177,0.6700144199733465,-46.220550657866596,0.019264028308495405,-0.016172658243680072,1.7927313747587548,1.3577192394140383,0.24265327280460824,-34.65050270467526
0.9900_0.5000_0.0000_27_1.dat,0.9900,0.5000,0.0000,1,0.007695390781563049,0.0031362725450901395,0.8007336397900693,0.36483496587931485,0.5443741242406592,2.301750186475175,0.04109129559794112,-0.0321120503480625,1.674026016752755,1.3479980892060248,0.1947567865039237,33.7753955449588
0.2775_0.8000_0.0000_24_1.dat,0.2775,0.8000,0.0000,1,-0.020140280561122333,0.0010861723446893951,1.1701240403143998,0.2325472750805298,0.8012627148331669,1.2186463274478285,0.023893624293999518,-0.04100729300152753,1.6680650239519843,1.1233602112356817,0.3265489084027351,-26.964971607210032
0.5150_0.8000_0.7854_29_1.dat,0.5150,0.8000,0.7854,1,-0.015522340042319591,-0.020357306650352635,1.0813037917415966,0.21371650815713736,0.8023529467025026,46.28297718523103,0.007406268840474268,-0.02846976200090283,1.6916163449961545,1.3665400535915593,0.19216904138233204,34.23671839837584
0.5150_0.6500_-1.5708_39_0.dat,0.5150,0.6500,-1.5708,0,0.0011082164328657278,-0.01613226452905804,1.0896882098414775,0.3445995396905876,0.6837631750271775,-89.61424904516288,-0.0016394838432224124,-0.06254024194188611,1.8977616453804789,1.2939960952336855,0.3181461442307447,77.10134108777389
0.9900_0.3500_0.0000_39_0.dat,0.9900,0.3500,0.0000,0,-0.01164328657314637,-0.012635270541082202,0.6865921121583917,0.4895279399823244,0.28701782133291687,6.50073768794698,-0.01342519401069634,-0.01891678773245248,1.8006697926965665,1.6816254294118147,0.06611115695259073,-33.789331549466965
0.9900_0.2000_-1.5708_30_0.dat,0.9900,0.2000,-1.5708,0,-0.00412024048096191,-6.0120240480882604e-05,0.7977005164188793,0.6227520891001972,0.21931592586159887,-71.14074723957762,-0.005663227482798605,0.006266747594001824,1.5134672351838814,1.3030534507401776,0.13902764430717207,51.791804424238855
0.7525_0.8000_1.5708_41_0.dat,0.7525,0.8000,1.5708,0,0.006525050100200385,-0.008396793587174427,0.8036559551550491,0.16127895856799399,0.7993184054277573,88.25882136181006,-0.00995706713949752,-0.008066134595710468,1.8408721873736165,1.4229918639585037,0.22700126944245114,64.2478713068706
0.5150_0.6500_0.0000_27_0.dat,0.5150,0.6500,0.0000,0,0.014749498997995918,0.010079158316633254,1.028348697145547,0.3630257245930283,0.6469818792004094,-0.6107173096904148,0.021973651339563496,0.01672244640173963,1.671023921982497,1.303288285136295,0.22006605172349758,3.8036189346413494
0.0400_0.8000_-1.5708_40_0.dat,0.0400,0.8000,-1.5708,0,0.003983967935871759,0.012805611222444968,1.311024525537114,0.25492701059552425,0.8055513030993199,-88.98774740255672,0.011004248784808927,0.0005561703149317099,1.864403623023607,1.517099388166345,0.18628167772706816,86.52996155194673
0.7525_0.3500_-0.7854_35_1.dat,0.7525,0.3500,-0.7854,1,0.021694291115381573,-0.012796648872755714,0.8749428837616351,0.512544522016355,0.4141965932532917,-49.489772587823325,-0.05499668129388392,0.019782352256466684,1.593596275846338,1.5159417390626504,0.048729115372992626,13.410122413217664
0.2775_0.8000_1.5708_33_0.dat,0.2775,0.8000,1.5708,0,0.006360721442885755,0.01074148296593178,1.2084792037246892,0.2390322671638287,0.8022040706806536,89.54034534693942,-0.02082336351704953,-0.03204220219512071,1.5987645551356087,1.5079784228029498,0.05678517955694751,58.43243444343852
0.0400_0.3500_1.5708_45_1.dat,0.0400,0.3500,1.5708,1,-0.02209218436873745,-0.002625250501002083,1.2251464441128508,0.8608996528539263,0.29730877725616034,-88.83369116432881,-0.06401872714476513,-0.04372899225007643,1.981072925233302,1.65844853768367,0.16285336266035633,86.09552588324466
0.5150_0.3500_-0.7854_36_0.dat,0.5150,0.3500,-0.7854,0,-0.006344122363471363,0.02332885558852536,0.9896106682605488,0.6540221024992813,0.33911170981122885,-50.77406098442026,-0.049938612904284495,0.04281975290358954,1.732132030847248,1.59456244317651,0.07942211403102328,88.51050156744564
0.0400_0.6500_1.5708_30_0.dat,0.0400,0.6500,1.5708,0,-0.006018036072144282,0.011763527054108134,1.2892372042141698,0.4473203611877936,0.6530348645496549,-88.12007438724807,-0.01905218935889728,0.0885636610130639,1.8931981945547034,1.5826158111480293,0.16405170060904573,76.5701575354067
0.9900_0.5000_-0.7854_38_0.dat,0.9900,0.5000,-0.7854,0,0.002423151494647203,-0.01574339947691889,0.7803753856016438,0.37195473194173234,0.5233643464356996,-42.063966830074946,-0.03685258320746509,-0.02615251681443228,1.7726918082181915,1.6466581296221958,0.07109734360575493,-56.25825818042887
0.5150_0.5000_-0.7854_34_1.dat,0.5150,0.5000,-0.7854,1,0.018712114319776194,-0.023487564926186394,1.1178041587688787,0.5169541139682527,0.537527115181238,-48.71611444970708,0.00041050871933186574,-0.005333514653562156,1.7817659041012517,1.4186166028462142,0.2038142611322531,-33.94790377921291
0.5150_0.2000_0.7854_35_0.dat,0.5150,0.2000,0.7854,0,-0.003383909806560137,-0.009369519112636226,0.9248209669901829,0.7814491553456112,0.1550265583955922,43.414290435490784,0.005821488987398823,0.0016680531604678483,1.6178022876131026,1.549238431875418,0.04238086215024672,40.697738324091006
0.2775_0.5000_-1.5708_29_0.dat,0.2775,0.5000,-1.5708,0,-0.005030060120240523,0.02647294589178365,1.1953286054814836,0.5702275734861043,0.522953294289804,85.62263882744844,0.038857456890775334,0.05853329416517479,1.726487504139248,1.30465968783028,0.24432717601351717,58.04297191359588
0.9900_0.5000_-1.5708_20_1.dat,0.9900,0.5000,-1.5708,1,-0.0035971943887775928,-0.011202404809619163,0.7552652415535552,0.35078980734792975,0.5355409092753072,89.33061361266898,-0.0011942886201087822,-0.007467550446719624,1.3426056431259634,0.802052900792879,0.40261468071482676,66.50805657021724
0.2775_0.3500_-0.7854_34_0.dat,0.2775,0.3500,-0.7854,0,0.019289561240284248,-0.01588156162354351,1.1563650569101105,0.7552708149457072,0.3468578020129348,-48.77362106408373,0.05473547093933053,0.022168327716224984,1.751072192850274,1.5851053311076664,0.0947801366615606,-28.098846316858243
0.7525_0.5000_-0.7854_35_0.dat,0.7525,0.5000,-0.7854,0,0.0035993010505286326,-0.005299758239754856,0.8738123842355259,0.4958550185270224,0.4325383486515447,-42.88765617605159,0.0075030406607483335,-0.021820260485466668,1.7453756521745298,1.4734350393381146,0.15580635177167146,23.323525046628845
0.7525_0.3500_0.7854_37_1.dat,0.7525,0.3500,0.7854,1,0.011883361657375493,0.012546539961173653,0.8734882501452668,0.5337317070639438,0.3889652127831362,55.120679171348065,-0.01712831578160807,0.05915197149787511,1.6197580412251726,1.289238148234326,0.20405510241569402,38.832655136330345
0.9900_0.3500_-1.5708_45_0.dat,0.9900,0.3500,-1.5708,0,0.0052625250501001615,-0.010120240480961842,0.8294213431782432,0.4857705241034303,0.41432598992206315,-82.41938623528607,-0.010432506518862784,0.0290161686820639,1.8476550171110666,1.585319911019391,0.14198273144185447,-38.13116946040577
0.2775_0.5000_-0.7854_20_1.dat,0.2775,0.5000,-0.7854,1,0.022183881081112942,-0.026080762139756287,1.232931647710954,0.5163357007698292,0.5812130366444468,-47.846396287815935,0.00505017132789338,-0.0481866696549276,1.6192735445720305,0.9778451957242125,0.39612105749393056,-42.069153161973674
0.9900_0.2000_-0.7854_26_1.dat,0.9900,0.2000,-0.7854,1,0.01464093639923725,-0.009222146156236502,0.8266091999947242,0.6237049393155203,0.24546576626596817,-38.658167730365335,0.02546665292540925,-0.03310038658220748,1.5831935356949434,1.2401260956457654,0.21669330521779095,-47.558537864821346
0.0400_0.2000_0.7854_42_1.dat,0.0400,0.2000,0.7854,1,-0.01795966201354377,-0.009729449217689085,1.223119303261229,1.0513952384931111,0.1403984585234216,40.13164628667096,0.0378889601167046,-0.018394822756111786,2.1078623851647196,1.7474945705347051,0.1709636346121587,44.61338181369456
0.7525_0.6500_-1.5708_39_0.dat,0.7525,0.6500,-1.5708,0,0.0002314629258516987,-0.012304609218436796,0.9911572619047729,0.3316129070924567,0.6654285653366712,-88.82043433907174,-0.05291752302305627,0.008475146376031724,1.7402896902192133,1.4840553540950572,0.14723659949504153,85.47697380809883
0.5150_0.8000_-1.5708_32_1.dat,0.5150,0.8000,-1.5708,1,0.002044088176352722,-0.029779559118236393,1.1118893252308055,0.19516573584717334,0.8244737750255307,88.58071021068677,0.007843278504274135,-0.0329655424246098,1.560600106984125,1.3763559960866092,0.1180597835877184,61.96999886043877
0.7525_0.8000_0.7854_43_0.dat,0.7525,0.8000,0.7854,0,0.00430499078405751,0.0018733370034641128,0.8894320718551465,0.18641457252756496,0.7904116813117072,44.93757795677578,0.06259516947096923,0.03960918562359172,1.8782057321327816,1.3149614875176274,0.2998842112868896,48.66987323465274
0.5150_0.8000_-0.7854_38_0.dat,0.5150,0.8000,-0.7854,0,0.002309787682032167,-0.005398951575793014,0.9964423489599228,0.18864193591761777,0.8106845457597015,-45.6664301929612,-0.006632971024308447,0.043339239165549125,1.8574656573388084,1.5319285573485524,0.17525874500239924,-54.640751320871516
0.7525_0.3500_0.0000_24_1.dat,0.7525,0.3500,0.0000,1,-0.014008016032064207,-0.0016673346693387053,0.9414096219071999,0.5795928114636513,0.3843351523330988,2.7970002912621794,0.04189590658739105,-0.07734302760491919,1.6170636510702574,1.3018215093329328,0.19494726848178223,-27.001121757402274
0.9900_0.5000_1.5708_28_0.dat,0.9900,0.5000,1.5708,0,0.012124248496994028,0.0029659318637273767,0.7521369577223784,0.3743257314669371,0.5023170612431138,86.59347214719106,-0.010573120457075097,0.008334375160493943,1.380357838756272,1.301521651631641,0.05711286226741308,-3.160327064584891
0.7525_0.3500_0.7854_28_0.dat,0.7525,0.3500,0.7854,0,0.00724678172141881,0.03716349187053778,0.7822098126539123,0.5328898328119859,0.31873798539553444,48.63490274960944,0.026701983912687542,0.04501201191422858,1.566141191904199,1.2859793566874067,0.1788867036158831,42.19921984059897
0.0400_0.6500_-1.5708_28_0.dat,0.0400,0.6500,-1.5708,0,-0.011881763527054105,-0.02785571142284561,1.3196272290537407,0.45404840828980136,0.6559267660645469,-89.8507889144507,-0.04593097857519899,-0.020347124255734674,1.744272132285885,1.3060743112589008,0.25122101816344555,-76.93230321904991
0.9900_0.8000_0.7854_39_1.dat,0.9900,0.8000,0.7854,1,-0.0010372788854280304,-0.010214079516618547,0.7569161053256859,0.14609478595943978,0.8069868180482458,45.115175731667236,0.03917675260752379,-0.03273363768581062,1.5888467894290865,1.2678201623562844,0.20205008387759982,36.42481800575948
0.7525_0.6500_-1.5708_29_1.dat,0.7525,0.6500,-1.5708,1,-0.004446893787575152,-0.010160320641282486,0.8603705244868743,0.30691198519385954,0.6432792890285239,-87.53823471885006,0.044668371420637475,0.0008367820263297232,1.484027076332373,1.396556740123263,0.058941199661453836,-66.5743640238149
0.0400_0.8000_-0.7854_27_0.dat,0.0400,0.8000,-0.7854,0,0.004392847738834219,0.005498144911831338,1.2135953115607723,0.25673082836958444,0.7884543340568696,-44.684223423980995,0.010755738083376758,0.004817754769283882,1.606258723008783,1.3463354891774424,0.16181903332762126,-57.211115311804264
0.0400_0.3500_0.0000_24_1.dat,0.0400,0.3500,0.0000,1,-0.023386773547094276,-0.004715430861723475,1.262177657465835,0.8435428599086617,0.3316766027990834,0.7383238546989617,-0.02660390079358083,-0.012977779809878028,1.7572028555553847,1.5370955612531894,0.12526003677169517,7.936126072347179
0.5150_0.3500_0.7854_31_1.dat,0.5150,0.3500,0.7854,1,-0.015882270147372434,-0.02302985853275312,0.9877086758385636,0.6748480448255708,0.3167539565726447,47.638298035942064,-0.02894993107324711,0.022095227918648586,1.630803403809006,1.4699001315567766,0.0986650333672433,-17.23678117334316
0.5150_0.2000_-1.5708_45_1.dat,0.5150,0.2000,-1.5708,1,0.022172344689378773,0.0013627254509018826,1.0447405029739378,0.7814124491176333,0.25205115826056335,-85.33188566013389,0.027396687056987997,0.03353930673800204,1.900856580287577,1.7659252742840141,0.07098447479038594,-70.54290977076225
0.5150_0.3500_0.7854_29_0.dat,0.5150,0.3500,0.7854,0,-0.021135974338252442,-0.02616507647538886,0.9621155991947477,0.6957609140027332,0.276842705195657,39.77862336205578,0.010817569182377423,-0.024554344010996737,1.637756328003308,1.4990045506726606,0.08472064797319911,-87.96865283894694
0.2775_0.2000_-1.5708_35_0.dat,0.2775,0.2000,-1.5708,0,-0.02109819639278556,-0.0031663326653305823,1.2324740393500917,0.8743427989576883,0.2905791351039355,86.66787313733774,-0.02080950891654506,-0.010596267408260479,1.759405556428131,1.5476114308644755,0.12037822933424791,-75.67478987238054
0.9900_0.6500_-1.5708_37_1.dat,0.9900,0.6500,-1.5708,1,-0.007476953907815628,-0.008056112224448818,0.7664616406560031,0.24956561656467566,0.6743925549215011,87.81281258617793,-0.019816418907544275,-0.0007191794072334184,1.6812411634849405,1.4097276696457768,0.16149586373222047,79.92058825866054
0.2775_0.8000_-1.5708_33_1.dat,0.2775,0.8000,-1.5708,1,-0.004072144288577138,0.021442885771543158,1.1549143670950883,0.23423669671362712,0.7971826280914717,-88.74698219443076,0.014550012432080858,0.032301589843238394,1.7064450467856471,1.3568069718154492,0.2048926659717495,71.04324747631428
0.5150_0.5000_1.5708_47_1.dat,0.5150,0.5000,1.5708,1,-0.01070140280561118,0.008056112224448816,0.9983598872331498,0.4856942927359573,0.5135078052043854,-89.06780971824519,-0.027853998581328386,-0.014425236395568137,2.078790209354632,1.5887894124406223,0.2357144048057318,60.70910752276363
0.0400_0.2000_0.0000_36_0.dat,0.0400,0.2000,0.0000,0,-0.033186372745491056,0.031535070140280584,1.3029926880680147,0.9600970754626347,0.2631600436022411,-15.110177056942291,-0.04464456876773519,0.0018535397043899636,1.8208091692201438,1.6163211649742477,0.11230611516168865,23.442554995863134
0.2775_0.6500_1.5708_45_0.dat,0.2775,0.6500,1.5708,0,0.003359719438877761,0.015090180360721366,1.161364666458429,0.39089372564599617,0.6634186169637629,-88.70123649900913,0.0015260533310938618,-0.004701929236293844,1.871969241413223,1.5167268453456666,0.18976935529099292,86.26735711339312
0.2775_0.6500_-1.5708_43_0.dat,0.2775,0.6500,-1.5708,0,0.006929859719438869,0.02310621242484978,1.1410724684681184,0.39027893071149117,0.6579718278231375,-88.3678407302089,0.013189132122790288,-0.021958124660531552,1.9190198371775375,1.6147178378934857,0.1585715756495848,79.0568365865671
0.5150_0.6500_-0.7854_33_0.dat,0.5150,0.6500,-0.7854,0,-0.012727922061357921,0.013402436746417622,1.0089508101164755,0.35995214588396923,0.6432411349742456,-44.8611535168414,0.010311226847802732,0.05346536461756938,1.7094498637710336,1.456224015180756,0.14813294847481706,71.59694536498688
0.2775_0.3500_0.7854_36_1.dat,0.2775,0.3500,0.7854,1,-0.0030005984151553694,0.023802858030022033,1.1357695820902733,0.7640593154219668,0.32727612407457685,46.08176315827111,-0.021952387662823588,-0.04456236537522385,1.706144891187865,1.5144167879275992,0.11237504168053358,57.85961927485924
0.5150_0.2000_1.5708_41_1.dat,0.5150,0.2000,1.5708,1,0.006428857715430833,0.010881763527054032,1.075228450802598,0.8286435541306418,0.2293325632221639,-82.54388545069726,0.03883433766900993,-0.02410393761552072,1.9895628106240208,1.8408612396036421,0.07474082759605805,-69.16696974538687
0.9900_0.8000_-1.5708_21_0.dat,0.9900,0.8000,-1.5708,0,-0.0010260521042084014,-0.0012825651302604386,0.90492289138465,0.1547432798040147,0.8289983806606579,-89.17926131318909,0.014118075869337521,-0.015798099866403584,1.3446426802269416,1.0287196379781067,0.23494943816264635,-66.07912697463847
0.0400_0.6500_-1.5708_21_1.dat,0.0400,0.6500,-1.5708,1,-0.004334669338677358,0.0025250501002004734,1.214988920452932,0.46620368071839213,0.6162897678568151,89.80520712886467,0.008107221005911132,0.0006955855292068713,1.568581957057629,0.9938652695808778,0.36639251451981114,85.07196949837586
0.7525_0.8000_1.5708_41_1.dat,0.7525,0.8000,1.5708,1,-0.0015831663326653458,0.010961923847695303,0.9792050296118732,0.17126669992867843,0.8250961803203122,89.07923345791986,0.02156299524285009,-0.018030635061852714,1.8662267059283493,1.558049922618154,0.16513362622623795,59.11955167136908
0.9900_0.5000_0.0000_40_0.dat,0.9900,0.5000,0.0000,0,0.013887775551102129,-0.003927855711422888,0.8023817049175295,0.37152368861870183,0.5369738787141367,3.038146655256014,-0.012537676444757102,-0.02644394938931578,1.8768801535749529,1.5304055879735936,0.1846013262708427,-56.445318150421855
0.0400_0.5000_0.0000_36_0.dat,0.0400,0.5000,0.0000,0,0.006092184368737392,-0.00831663326653311,1.3175694829943616,0.6575162749234517,0.5009627322050951,-0.3787326053595166,-0.022731679445187027,0.016464948533132195,2.080210054147602,1.387702291100047,0.33290280549640017,9.603216492178262
0.0400_0.3500_0.7854_29_0.dat,0.0400,0.3500,0.7854,0,0.03009880077313195,0.02499601215779572,1.345187743005551,0.8007452133864282,0.4047334897675142,39.25129469230711,-0.007639169345836396,-0.009893818533876674,1.8943716907077013,1.369195192296039,0.277229912687022,40.238807063553566
0.2775_0.6500_-0.7854_48_0.dat,0.2775,0.6500,-0.7854,0,0.015987840197870123,-0.005721329917917152,1.1398538336684634,0.40709460566959904,0.6428536768092266,-42.52939583465579,0.00010665961747351127,-0.016471312042324906,2.0543908805165114,1.905288165136868,0.07257757848991042,18.601496816763216
0.7525_0.6500_0.7854_20_0.dat,0.7525,0.6500,0.7854,0,-0.00032379538978186795,-0.009340469635653617,0.7946891575442274,0.3418842990662369,0.5697886452575518,42.263451379140236,-0.004289322932524848,0.025794348110540898,1.2899063966756323,1.0941973658836388,0.15172343613178296,67.15774222860739
0.9900_0.8000_-0.7854_23_1.dat,0.9900,0.8000,-0.7854,1,-0.0003259209612683946,0.004633745840641373,0.6439639810295738,0.1573053076462456,0.7557234375209234,-45.28298232236577,0.034860310300774626,-0.017072031693159656,1.1412379378551636,1.0503062824069418,0.07967808677927257,-49.639001663555746
0.0400_0.8000_-1.5708_29_1.dat,0.0400,0.8000,-1.5708,1,0.0030501002004008184,0.036733466933867816,1.3468384718038657,0.2756345812055951,0.7953469647800984,89.80236703414577,-0.010742130162343337,0.04238847456122094,1.7869980779052794,1.3700343186631365,0.2333319573185597,-83.87917491012695
0.7525_0.5000_-1.5708_23_1.dat,0.7525,0.5000,-1.5708,1,0.006503006012024006,-0.025030060120240397,0.8486188897564134,0.43165672525473336,0.4913420730256952,87.28076677600967,0.0030697105844439054,-0.02130656115779577,1.4114253533138004,1.04439541109245,0.2600420499459095,74.70378933824286
0.2775_0.5000_1.5708_39_1.dat,0.2775,0.5000,1.5708,1,-0.000871743486973906,0.021603206412825565,1.1557812124450006,0.5458328653132213,0.5277368593329722,-85.13476836446897,-0.048396662704196555,0.03460293572062058,1.8431717230535158,1.581180691592049,0.14214141210208875,13.05288157049435
0.5150_0.6500_0.0000_24_1.dat,0.5150,0.6500,0.0000,1,0.010060120240480886,0.0002595190380761472,1.1003275449755274,0.3543208702998124,0.6779860034243776,-0.6231316795898465,0.06870896562566782,0.05278225630680867,1.8756006817212818,1.1353299918437612,0.394684592030622,27.475976245903098
0.2775_0.2000_-0.7854_42_0.dat,0.2775,0.2000,-0.7854,0,0.01233114871720503,-0.015074552982489896,1.1309001176033113,0.8359980432977115,0.2607675688729951,-54.0053217110008,0.04160342676273329,-0.07840753073963222,1.9748086255088777,1.6821014457812604,0.1482205292941695,-27.00327778945737
0.7525_0.8000_-0.7854_23_1.dat,0.7525,0.8000,-0.7854,1,0.014300844961392016,-0.014210153911299928,0.8789090957173809,0.18271856138050538,0.7921075543866487,-46.59632789637692,0.017890144677324006,0.008500401778227482,1.3601576797388522,1.0679167435002466,0.2148581304887499,-59.01931462332048
0.2775_0.2000_0.0000_22_0.dat,0.2775,0.2000,0.0000,0,0.01817635270541074,0.002452905811623265,1.0812530846933461,0.9354796203620347,0.1348190043523938,-11.540850424544061,0.009135805996374197,-0.004071361139066301,1.4935546169556388,1.2077664138129558,0.19134767480094872,-21.968653883707304
0.5150_0.8000_0.0000_41_0.dat,0.5150,0.8000,0.0000,0,0.014969939879759435,0.0037314629258517213,1.0527739167039694,0.18230783710530285,0.8268309708165327,-1.0749148083091598,-0.011006386653876812,0.02232183396468014,1.9082876751080886,1.5937637969231537,0.16481994946968348,-0.7128370579344789
0.0400_0.2000_-1.5708_49_0.dat,0.0400,0.2000,-1.5708,0,0.0016352705410821904,-0.025771543086172254,1.2584703328080769,1.034502783651234,0.17796808023046107,82.43259932296273,-0.006023349441396101,-0.023232485308165702,2.297432793072451,1.8864997894619606,0.1788661696000834,-56.023592267767214
0.5150_0.6500_0.7854_37_0.dat,0.5150,0.6500,0.7854,0,0.00795743112174956,0.002075266294684699,1.0549727141274228,0.32396502648293496,0.6929162032869359,48.24823779091106,-0.019845012995682462,0.011749174889503049,1.7444117514280066,1.6459160689602474,0.05646355133019987,88.99433647695518
0.9900_0.8000_1.5708_27_0.dat,0.9900,0.8000,1.5708,0,0.0009899799599198229,-0.01474949899799607,0.7755408543204619,0.1436710400834811,0.8147472963118527,-88.47582001015881,0.0007731046116941628,-0.03178895522527834,1.5961134972693147,1.354165687675171,0.15158559213243683,86.15933900493476
0.5150_0.8000_1.5708_24_1.dat,0.5150,0.8000,1.5708,1,-0.000773547094188394,-0.018256513026052187,0.9992762631472603,0.20269140927019727,0.797161789241533,-89.15610066611143,-0.0058060587446454705,-0.016714258349480288,1.4176743822032054,0.9517013256104822,0.32868835216487113,67.25501224996935
0.7525_0.5000_1.5708_36_1.dat,0.7525,0.5000,1.5708,1,-0.015430861723446853,-0.01731462925851711,0.9493560971258802,0.4310261519015508,0.545980530165175,86.096766340285,-0.04381750661950595,0.008279153641768029,1.6795308065094405,1.5920911898687178,0.052061930809383594,-36.91854290071842
0.2775_0.8000_-0.7854_39_1.dat,0.2775,0.8000,-0.7854,1,0.017605400099121534,-0.018869406609779617,1.108739480571187,0.23236905217278467,0.7904205124425843,-44.416138684019245,0.024785988063604963,0.02851663554006174,1.7387378549047763,1.5771477647015548,0.09293528046645716,-31.71604966219121
0.2775_0.2000_0.7854_44_0.dat,0.2775,0.2000,0.7854,0,-0.0001842161954995758,0.0002692390549607571,1.1322522491264342,0.9241572899975851,0.18378851469661506,36.58903708301665,0.03065573335709716,-0.016373304634884404,2.019862734212202,1.8271051798691933,0.09543101671123655,-47.07953213653016
0.5150_0.2000_-0.7854_36_1.dat,0.5150,0.2000,-0.7854,1,-0.02126988534190401,-0.028836919833960337,0.9873014788701653,0.8171867465709236,0.17230272205599784,-39.82252457530055,-0.018836774014372084,-0.04161310987521562,1.7388105132703056,1.4565978363080272,0.16230214552332145,-14.974432584558684
0.5150_0.5000_0.7854_28_1.dat,0.5150,0.5000,0.7854,1,-0.012243291762428419,0.0168912080796465,1.0035858259109225,0.5218592814917515,0.48000532887351544,42.56085174037989,0.008089374748297904,-0.03173253806864907,1.624391888614432,1.5102086465883247,0.07029291566058171,54.267969317511024
0.0400_0.6500_0.0000_25_0.dat,0.0400,0.6500,0.0000,0,-0.005891783567134343,0.005148296593186366,1.3357537165632296,0.4503560984136309,0.6628449594942132,2.125434007803932,0.006402061493637583,0.018174875888246896,1.8161628064471567,0.984524184659117,0.4579097307993666,19.744886112253454
0.7525_0.3500_1.5708_23_1.dat,0.7525,0.3500,1.5708,1,-0.0049889779559117884,-0.001022044088176436,0.9006332188374943,0.4904260413006038,0.4554652981447559,-79.13190564430978,0.014307144122323968,-0.019771664951883396,1.5699169489327383,1.175503595852601,0.25123198609217356,78.20041920802186
0.5150_0.2000_1.5708_48_0.dat,0.5150,0.2000,1.5708,0,-0.016721442885771567,0.013066132264528978,1.0336989560269974,0.8310900477816562,0.1960037853032809,-79.00628868876676,-0.035821552290951936,0.01950031032130378,1.9961483199681263,1.7482481974691375,0.12418922983786451,-46.57170503271229
0.5150_0.2000_-1.5708_20_0.dat,0.5150,0.2000,-1.5708,0,-0.004937875751502983,-0.035130260521042,0.9649048717972499,0.8473735879173033,0.12180608401430348,85.0129968530005,0.0035253521343529726,0.00045996504917674596,1.4781370893847092,1.3524387070764772,0.08503837919428392,77.97457889226453
0.7525_0.8000_-0.7854_46_0.dat,0.7525,0.8000,-0.7854,0,0.002312621777347543,-0.002930454556099688,0.8417335782602899,0.1491080493650695,0.8228560043033466,-44.31331007471931,-0.013454305771074808,-0.06634624803071865,1.6165852608268187,1.4266825639134064,0.11747150089459846,-63.15463248198631
0.0400_0.5000_-1.5708_30_1.dat,0.0400,0.5000,-1.5708,1,0.015931863727454868,0.03567134268537081,1.2574708463622113,0.6127561966911542,0.5127074329684687,-85.27898489425017,0.004435880145875157,0.047773384380481405,1.685004692390058,1.3216556550372327,0.2156368103862315,-80.77686309371421
0.7525_0.6500_0.0000_33_0.dat,0.7525,0.6500,0.0000,0,-0.003186372745491063,-0.0020551102204408823,0.9604591457500551,0.31508217481631895,0.6719463017135824,-3.2291769151916014,0.026655859080382212,0.026319755938934226,1.50504531536337,1.459050770884171,0.030560238957386132,-1.1773575863723238
0.7525_0.6500_-0.7854_39_1.dat,0.7525,0.6500,-0.7854,1,0.0022304330132015978,0.008323737941262135,0.9376576925331598,0.3494533113490727,0.6273124892678098,-46.51592480278262,0.03984240902621936,-0.014504983298260292,1.8065910939389767,1.4719265074448242,0.18524644985627103,-38.8270990512336
0.9900_0.2000_0.0000_37_1.dat,0.9900,0.2000,0.0000,1,0.00901803607214421,-0.0167695390781563,0.8546101655716913,0.5709459475961034,0.33192235407805004,-9.373718527368652,0.023424141691938835,-0.040230916137939214,1.5007139455562448,1.4776625740137335,0.015360270097288464,-66.15481036230966
0.9900_0.3500_-0.7854_26_1.dat,0.9900,0.3500,-0.7854,1,0.006670043324739559,-0.005970021781841499,0.7899602325720756,0.5320194364913388,0.32652377353337525,-38.689612024530646,0.02227774681642664,-0.01785944979133973,1.4507780008615379,1.207704347426593,0.16754710458153954,8.187162945392203
0.2775_0.2000_0.7854_37_1.dat,0.2775,0.2000,0.7854,1,0.013872896568770063,-0.019456064340062765,1.2310916128754001,0.8387774328999609,0.31867179978517624,38.22649939401475,0.0050372485548903926,-0.0014857807452092753,1.837271021513497,1.7581297039953963,0.04307547258482647,-33.909531550198494
0.7525_0.6500_-0.7854_48_0.dat,0.7525,0.6500,-0.7854,0,0.005401785671108398,-0.015995633959987418,0.8780238917151444,0.30918792812893026,0.6478593224553855,-44.89087730693413,-0.017916314295793795,-0.05370263603243774,1.8010581273432593,1.5359627769530906,0.1471886700187799,-10.165146081085311
0.5150_0.3500_-0.7854_41_1.dat,0.5150,0.3500,-0.7854,1,0.03150734614487425,-0.0257413792257399,0.8844314375838618,0.6861306168339465,0.2242127680260262,-49.77550002675531,0.05879321788893952,0.014482566486682759,1.82172362418453,1.6438739899534511,0.09762712184769018,64.09518936977112
0.9900_0.2000_-1.5708_41_1.dat,0.9900,0.2000,-1.5708,1,-0.006396793587174328,-0.005951903807615146,0.7828938774961675,0.5886872642813099,0.24806250093047666,82.82768565758927,-0.027571063940504445,-0.044625047932600886,1.8913215810170512,1.6213904761788203,0.14272089291820822,46.33407753149379
0.5150_0.6500_0.7854_41_1.dat,0.5150,0.6500,0.7854,1,0.011658759603631845,0.00903013619861972,1.043523338891481,0.31791157089831173,0.6953479054565044,44.53025992038954,0.02022008062890636,0.047676885960342454,1.7871924549834843,1.4922470071500942,0.16503284076147007,-75.98542713678164
0.9900_0.2000_1.5708_31_1.dat,0.9900,0.2000,1.5708,1,-0.005034068136272554,-0.010320641282565211,0.812620706654529,0.6162020487832292,0.24171013150764287,-87.0545968299123,0.05227017246402016,-0.029996510949602442,1.637621216044729,1.3184210524345474,0.1949169688831529,-45.70641899315146
0.7525_0.8000_-1.5708_35_1.dat,0.7525,0.8000,-1.5708,1,0.0025090180360721613,0.020821643286573228,0.8093448668869779,0.1763491325933986,0.7821087897033329,88.65681009809313,-0.014097726629124346,0.05301249184430052,1.8247762969332502,1.4914570994099334,0.18266304646958564,-50.72140799888592
0.0400_0.8000_-0.7854_21_1.dat,0.0400,0.8000,-0.7854,1,-0.009485717020566676,0.01993219235304611,1.2689442568322755,0.24493548924172046,0.8069769511758031,-43.598951762759725,-0.024385769074018043,0.028158666961960743,1.5990374269386645,0.9123316273681794,0.4294494850474976,-43.39179453043849
0.7525_0.5000_-1.5708_40_0.dat,0.7525,0.5000,-1.5708,0,-0.002665330661322686,0.006332665330661401,0.8724515318026327,0.45629771471960884,0.47699362304193516,-88.69834767734712,-0.01054959857571213,-0.010251996140899253,1.8764908339927309,1.6242347202690988,0.1344297073846561,-38.463350069184486
