file,kpc,ell_t,theta_t,Nf,x0,y0,width,height,ell,theta,x1,y1,width_o,height_o,ell_o,theta_o
0.0400_0.3500_-0.7854_9_1.dat,0.0400,0.3500,-0.7854,1,-0.01283065801654034,0.0078015558794039186,1.2746418382876432,0.8801623444762496,0.3094826185380344,-48.91036818117567,-0.010132079506188899,0.01056510839121483,1.35578941798276,0.99911032011423,0.26307853796294023,-46.56012625337149
0.5150_0.5000_0.0000_10_0.dat,0.5150,0.5000,0.0000,0,0.02232464929859711,0.009669338677354667,1.0613493095313777,0.4551221770469036,0.571185308211247,2.775016689684378,0.012012788292904428,0.016022182880482558,1.1381759085311167,0.6854508157332307,0.3977637282642491,-0.4585377567771616
0.2775_0.3500_-0.7854_10_1.dat,0.2775,0.3500,-0.7854,1,0.010682413767484468,-0.02783294156848808,1.0523478222712943,0.7787075771084728,0.26002832844013557,-50.46359238805488,0.008925937085215281,-0.04558156286700276,1.1731922767324017,0.9075605920423557,0.2264178600202591,-46.20533966585222
0.7525_0.2000_0.0000_10_1.dat,0.7525,0.2000,0.0000,1,-0.014709418837675424,0.0014749498997996212,0.8390051607871513,0.7133586489530906,0.1497565422794057,-16.614576867780073,-0.007996332205980812,-0.007568511550412588,1.0169603710077213,0.8455793957476497,0.16852276661503296,-31.434989857954236
0.5150_0.5000_1.5708_10_1.dat,0.5150,0.5000,1.5708,1,0.006232464929859755,-0.02110220440881771,1.0206455435202355,0.5381882492584521,0.4726981833455859,87.27030708426095,0.009515550956437238,-0.028772175769042393,1.0629936233853061,0.7596901643210849,0.2853295188152619,-84.10872251044874
0.9900_0.3500_1.5708_10_0.dat,0.9900,0.3500,1.5708,0,-0.0082585170340681,-0.027174348697394865,0.7299213690408425,0.43626814875346437,0.40230801938742367,88.35703491848561,-0.005853458653088758,-0.011285254602894017,0.9260813627243022,0.5320771126092331,0.42545316855962434,78.3245194902375
0.7525_0.6500_-1.5708_9_1.dat,0.7525,0.6500,-1.5708,1,0.004629258517034062,0.008136272545090256,0.8137318989754306,0.27833633016580916,0.6579508183023643,87.06979063330407,-0.0006574586834635975,0.003463144396866611,0.9728544383110855,0.4925751265878531,0.493680547479453,-84.65706266438355
0.0400_0.2000_-1.5708_10_0.dat,0.0400,0.2000,-1.5708,0,0.008785571142284591,0.012865731462925925,1.2244957379594965,1.03929481655244,0.15124668519930973,-89.42565764086206,0.020827348882997202,0.0033050004113908526,1.2964540487172191,1.1756253096684435,0.09319939967662572,-89.72639430908642
0.0400_0.5000_-0.7854_10_0.dat,0.0400,0.5000,-0.7854,0,-0.0022601910140132033,0.007800847355575078,1.2389333542132104,0.6788056520584018,0.4521047885667102,-43.85432167495074,-0.0037567606022243837,0.0041904666618536425,1.358129928144055,0.8899175070754467,0.3447478855785481,-43.99109032231041
0.0400_0.6500_0.7854_10_0.dat,0.0400,0.6500,0.7854,0,0.007234028292499597,-0.0017925652869759778,1.320725163965209,0.48676238063115157,0.6314430936034061,42.85670528871836,0.00965877019366314,-0.0050110171092295295,1.4389757027250374,0.7551958476196972,0.4751851291237531,41.85721683312326
0.9900_0.2000_-1.5708_9_1.dat,0.9900,0.2000,-1.5708,1,-0.005931863727454892,0.008336673346693468,0.6984825337369134,0.6084879705617938,0.12884296861890665,75.18941594839552,-0.017343106021212015,0.012830315365439491,0.875747061359064,0.7092344248790313,0.19013781927126672,-46.05931637920102
0.2775_0.2000_-0.7854_10_1.dat,0.2775,0.2000,-0.7854,1,-0.0002890777221684948,0.0002210594345994643,1.1575208686128955,0.9398990888906565,0.1880067872841239,-50.81789660990037,0.009285022952487659,0.0018333638417722252,1.234706600060927,0.9811360573279786,0.20536906721032833,-55.47392163436521
0.0400_0.5000_0.7854_9_1.dat,0.0400,0.5000,0.7854,1,-0.00020547191036486,-0.01396500466651997,1.2516525543853694,0.6627591650488058,0.4704926996499782,45.743207224067326,-0.008827816228982011,-0.017097912244606574,1.3330943653125686,0.7364236937899155,0.4475832221995423,45.0359077743378
0.7525_0.6500_0.7854_10_1.dat,0.7525,0.6500,0.7854,1,-0.0089862077212315,-0.010285640423331832,0.8837298618223243,0.3325247647812632,0.6237257796227802,52.251882001753515,-0.0006929134748874455,-0.007608375370446183,0.9892391288341909,0.6866319448303375,0.30589892290297205,48.06421754740275
0.0400_0.8000_0.7854_9_1.dat,0.0400,0.8000,0.7854,1,0.03404882111893854,0.03379942073118539,1.1962873906224205,0.2562222368903309,0.785818826731075,44.65572105989634,0.03369252676074905,0.030278053289283992,1.3401096363966356,0.34718653962208706,0.7409267643536821,43.94613444422319
0.7525_0.2000_-0.7854_9_1.dat,0.7525,0.2000,-0.7854,1,-0.0008530626899284988,-0.008873552432445149,0.8417813579994299,0.7266431950139474,0.13677917892969127,-48.65410430083119,-0.017210263078778907,-0.016334281772959154,0.9633217507785261,0.9401577869547255,0.024045926301446197,-59.37354703652457
0.2775_0.6500_-0.7854_9_0.dat,0.2775,0.6500,-0.7854,0,0.009866194316655927,-0.02638188476701507,1.1725274863298822,0.41740581078365346,0.6440119181426001,-44.54379446463449,0.014870267160743625,-0.015727850810280785,1.2479769737858177,0.5975041883138906,0.5212217846445326,-42.63594729333573
0.0400_0.2000_-0.7854_10_0.dat,0.0400,0.2000,-0.7854,0,-0.004605404887487579,-0.008091342125401104,1.3554562409543482,1.037424525963995,0.23463075043015325,-47.03705227482658,-0.022379035635331786,-0.0018319102986353308,1.423739077074701,1.1955316008558874,0.16028742899134452,-42.90841336234908
0.9900_0.2000_-0.7854_9_1.dat,0.9900,0.2000,-0.7854,1,-0.0007000215428981432,-0.005603006438500159,0.7080642574259396,0.5825444340879449,0.17727179704608031,-61.6338627511726,-0.010852434010026535,0.01592418852404649,0.8672432107479255,0.739616840521156,0.14716329703717412,-52.1489547989777
0.0400_0.8000_0.0000_10_0.dat,0.0400,0.8000,0.0000,0,-0.005831663326653389,0.00835270541082166,1.3433947847245775,0.26827324124262864,0.8003020077991222,0.05385317830734948,-0.01717030897655715,0.004668574984810685,1.383432590279339,0.5720051393591136,0.5865319760584679,-2.2477027734869353
0.0400_0.3500_-1.5708_10_1.dat,0.0400,0.3500,-1.5708,1,0.011163326653306573,0.06450901803607222,1.294886517604962,0.8727041542570637,0.3260381180960722,-84.58149209115332,0.008365101950433267,0.0655073997896632,1.3905290403755706,0.9369123006553136,0.3262188178376618,-77.30916025332382
0.0400_0.6500_-0.7854_9_0.dat,0.0400,0.6500,-0.7854,0,-0.012468602340000934,0.029192598796040258,1.4185536983790474,0.455484784088586,0.6789090292393871,-42.85125467370722,-0.004770970814974657,0.01382899729433892,1.4969231806918406,0.5585240267866475,0.6268853111563737,-42.86294007853823
0.2775_0.8000_-0.7854_10_0.dat,0.2775,0.8000,-0.7854,0,-0.00316851856259146,0.006269018837613862,1.1339014157398055,0.22038591849648273,0.8056392597828326,-43.732506435086066,-0.006506547503410684,-0.001732153909746158,1.2520677923615757,0.46705201757236825,0.6269754557846724,-41.7794132360695
0.9900_0.8000_-1.5708_9_0.dat,0.9900,0.8000,-1.5708,0,0.0014629258517034228,0.010721442885771624,0.8179492426744897,0.15742990544968516,0.8075309600691986,-89.37307461556703,0.0118079232760296,0.0073559447798448,0.9437198763793977,0.4394769469106419,0.5343141986192927,84.24314184467255
0.7525_0.2000_1.5708_9_0.dat,0.7525,0.2000,1.5708,0,-0.000961923847695405,0.014228456913827575,0.934468119012411,0.6426298435445668,0.3123041541280963,-89.6618275865153,0.006947768869720894,0.01124549069192212,1.0627133029039006,0.8043937270741538,0.24307550787581156,-67.3578971561128
0.9900_0.8000_0.0000_9_0.dat,0.9900,0.8000,0.0000,0,-0.008436873747495069,-0.0029338677354709235,0.7378990469123741,0.14450069832233128,0.8041728080189663,-1.0127430207554369,0.01124954001124407,-0.0193139779390008,0.9825867322008215,0.45935762951675496,0.5325016973434247,-24.223552521720023
0.0400_0.8000_1.5708_9_1.dat,0.0400,0.8000,1.5708,1,-0.0029779559118236626,0.02350701402805603,1.2335756208701858,0.24854593083829948,0.7985158537236892,-88.14402218840867,0.004301830041353091,0.020204601336898546,1.3013150389285344,0.510910647667284,0.607388962408401,89.04226959130915
0.7525_0.5000_-1.5708_9_0.dat,0.7525,0.5000,-1.5708,0,-0.015470941883767577,0.020140280561122322,0.8874508784675005,0.47292638677765014,0.46709570270038414,-84.00679850073911,-0.023299726452105124,0.02788057518971998,1.0103969131595196,0.604248678915177,0.4019689974846753,-77.95407319468751
0.7525_0.3500_-1.5708_10_1.dat,0.7525,0.3500,-1.5708,1,-0.007815631262525076,-0.0011422845691381983,0.8432191072401831,0.5772486090226568,0.3154227601507221,82.62522038945258,-0.024750022399387,-0.0045157031222722585,0.9484167839154161,0.7528837078632818,0.2061678782664529,81.16903725171342
0.2775_0.3500_0.7854_9_1.dat,0.2775,0.3500,0.7854,1,-0.0062548483610369455,-0.004117940493242778,1.0827747887440962,0.7631125050548513,0.29522508929120816,39.8867910719209,-0.00225452036660064,0.0026238273989571638,1.1124197099034767,0.9103069296645616,0.18168752175062786,41.27038015528285
0.2775_0.6500_-1.5708_10_0.dat,0.2775,0.6500,-1.5708,0,-0.012842685370741484,0.02621242484969947,1.1695141274666514,0.4028257230934266,0.6555614732367454,89.51843281626809,-0.020512299842815836,0.008317042006184933,1.2428493044308944,0.5920323853958424,0.523649099464286,87.3260334683676
0.2775_0.3500_0.0000_9_1.dat,0.2775,0.3500,0.0000,1,-0.007294589178356796,0.021024048096192353,1.221897408104013,0.8299055685080607,0.3208058524358407,6.132619666239179,0.0039848862204622075,0.02243918741142405,1.3497099270149246,0.9296066047819477,0.31125452500901074,0.0587100547315913
0.0400_0.2000_0.7854_9_1.dat,0.0400,0.2000,0.7854,1,0.008400258514777189,0.02821625295989282,1.3285986480818217,1.0249329218074288,0.22856091771041132,57.93464576687211,0.006255395829990668,0.018752173486929966,1.3997444689493355,1.0642185366416033,0.2397051317227793,55.756153930975756
0.0400_0.8000_1.5708_10_0.dat,0.0400,0.8000,1.5708,0,0.003595190380761506,-0.03348697394789586,1.2596527387820802,0.24111518740628096,0.8085859856587079,-89.42498925048031,0.00920537148093526,-0.037783406263341465,1.2988470528302327,0.42757616998066583,0.6708032950846965,-87.93146442019129
0.2775_0.8000_-1.5708_10_0.dat,0.2775,0.8000,-1.5708,0,-0.011046092184368719,-0.00519038076152297,1.1572640817348547,0.24811312488184933,0.785603710684684,-88.98108019599027,-0.015012665791673721,-0.016843473426310575,1.2973422203308338,0.5577611049491833,0.5700740358184371,81.77521524828258
0.0400_0.3500_0.7854_10_0.dat,0.0400,0.3500,0.7854,0,0.029524896471768116,0.011342757975967293,1.264143726010317,0.8191577988621815,0.35200580281525984,40.273986307368205,0.004592665608300653,0.013701439355869604,1.4179235768501304,0.9447560670718955,0.3337045222348024,41.11627293323809
0.9900_0.2000_0.7854_10_0.dat,0.9900,0.2000,0.7854,0,0.012552208151804413,0.014683447828967909,0.796703606047797,0.6084359881677279,0.23630822861968348,56.40906562995586,0.02866138339480197,0.016912082471179524,0.9115646579745564,0.7595170894294537,0.1667984461825709,62.92051570891983
0.0400_0.8000_-0.7854_10_1.dat,0.0400,0.8000,-0.7854,1,0.010316106947972031,-0.0033442324721447213,1.3301272277153884,0.25205550746265015,0.8105027081540328,-44.52610771124799,0.005370803743134608,0.009955797802606227,1.3442378647085695,0.5798425746557345,0.5686458551132658,-43.58556973492412
0.5150_0.3500_-1.5708_9_1.dat,0.5150,0.3500,-1.5708,1,0.0013156312625250183,-0.03132264529058107,1.1021229210831835,0.6269109806463304,0.4311787109642974,-89.6357574625762,-0.0003798857075879741,-0.02733549076313814,1.1596883372583477,0.7997050797446529,0.3104137947655329,86.29802050827878
0.5150_0.5000_0.0000_10_1.dat,0.5150,0.5000,0.0000,1,-0.006232464929859797,0.007454909819639238,0.984907831886364,0.5327953554378065,0.45904039120355067,-1.035766655358401,-0.005131386543670782,0.0022642575000973732,1.114009927938573,0.6875937372692373,0.3827759340155974,-5.178214806804505
0.0400_0.5000_0.7854_9_0.dat,0.0400,0.5000,0.7854,0,-0.0027207315027618973,0.012073246043505697,1.328357190304364,0.6422210677743686,0.516529836656948,44.50556129189249,0.007572322502968125,0.025548779984890926,1.4268600187780451,0.7328167776263763,0.4864129851686808,45.429348775411334
0.0400_0.5000_0.0000_9_0.dat,0.0400,0.5000,0.0000,0,0.02967935871743477,0.004338677354709378,1.3408929701654808,0.6033707615523133,0.5500231748714062,2.392770186759549,0.035312868475488673,-0.0008635597347573177,1.3921738191141275,0.7532347675934336,0.45895063012121984,6.690697816307846
0.5150_0.2000_0.7854_10_0.dat,0.5150,0.2000,0.7854,0,0.006484410081582377,-0.0019498575769793835,1.0125327216661038,0.7687764657968487,0.2407391392429854,42.918014115958215,0.02528278253329373,-0.0073930426668892815,1.0993896748466743,0.8464838846425807,0.23004199147073567,37.876489773324494
0.7525_0.6500_1.5708_9_0.dat,0.7525,0.6500,1.5708,0,-0.012625250501001993,-0.0026853707414830493,0.893461531526025,0.31565409249185555,0.646706566143121,-89.09462161559478,-0.020035829941007388,0.0009679551661960273,0.9775832339615687,0.643806186343766,0.3414308224837297,-87.01916918388365
0.9900_0.3500_-0.7854_10_0.dat,0.9900,0.3500,-0.7854,0,-0.0013022667974157832,-0.0021241544388749855,0.7456883760818583,0.4857686371147751,0.3485634848337108,-41.439334765997245,-0.004001891902794969,-0.01073460895818021,0.8897812683052193,0.6482763096056806,0.27142059211870917,-34.12263354917761
0.0400_0.3500_0.0000_9_0.dat,0.0400,0.3500,0.0000,0,0.011623246492985895,-0.007424849699398819,1.2906780739967005,0.8731294125774333,0.3235110829196086,2.7527366157127915,0.02853186768525881,-0.011664780621943427,1.3684387627280747,0.9928706080504931,0.2744500995637257,-1.4292852976039399
0.2775_0.5000_0.7854_9_0.dat,0.2775,0.5000,0.7854,0,-0.007779591640709742,-0.006022452545176089,1.231657953812484,0.5544733811283611,0.5498154504568094,46.64277954868549,0.007796998352291545,0.02268838295233874,1.35857376050294,0.6268239270477509,0.5386161979047037,49.431190546335316
0.0400_0.2000_1.5708_9_0.dat,0.0400,0.2000,1.5708,0,-0.010549098196392812,-0.013767535070140351,1.2628839652394999,0.9412682289483958,0.2546676853483615,80.8820832517852,-0.002195813545851707,0.005054788746059401,1.336096829064539,1.070857354958652,0.19851815252910454,77.37033102691458
0.5150_0.6500_-0.7854_9_0.dat,0.5150,0.6500,-0.7854,0,-0.004857639370556145,0.009737951503635236,1.069372615174623,0.3782729136491674,0.6462665040404112,-45.364981185084105,-0.0013520812273697292,0.028917115960006595,1.1115186850825625,0.6819684234934775,0.3864534778892884,-42.42078215603274
0.7525_0.2000_0.7854_9_1.dat,0.7525,0.2000,0.7854,1,0.023426631876905746,0.013019833878841638,0.8362726698984345,0.6944033654838777,0.16964479352384776,51.020407556575194,0.023824428717246045,0.013242054254516829,0.939914693661567,0.8781154231123012,0.06574987173412328,-73.31956260679922
0.5150_0.5000_-0.7854_10_1.dat,0.5150,0.5000,-0.7854,1,0.004137779160450254,0.013518634654348051,1.1282782609410016,0.5100961010566335,0.5478986711742497,-40.43132744014727,-0.010984364411880974,0.002388775265039813,1.269579222191696,0.7319274877072985,0.4234881329864868,-39.166300879670246
0.9900_0.3500_0.0000_10_0.dat,0.9900,0.3500,0.0000,0,-0.002885771543086254,0.014849699398797562,0.6829654995833572,0.4793425333483878,0.2981453182615952,-16.946703258252995,0.0029148067226360606,0.012022685017959662,0.904380543322437,0.6541370121792952,0.2767015865067356,18.791670685641236
0.9900_0.6500_1.5708_10_0.dat,0.9900,0.6500,1.5708,0,-0.0007224448897795537,0.011322645290581086,0.7483775943142893,0.2681824042756545,0.641648271790686,-89.62076916131463,-0.0024718903231985946,0.010226174942931696,0.8699303963804793,0.5576064590998662,0.3590217545910567,-84.80768637431875
0.0400_0.6500_1.5708_9_1.dat,0.0400,0.6500,1.5708,1,0.00156412825651303,0.013587174348697327,1.332111277878346,0.4545524293459864,0.6587729291880539,-89.56281921589539,-0.0015401426122642725,0.03013605644369274,1.4043543195341064,0.6188236707711918,0.5593536031729612,-85.85579323498327
0.5150_0.8000_1.5708_10_0.dat,0.5150,0.8000,1.5708,0,0.0007895791583166152,0.02585170340681355,0.9737711609871297,0.21010909043035764,0.7842315537283254,89.72673721084546,0.005234715903199981,0.04793170045055408,1.0571234983864357,0.4416818515221136,0.5821851919891246,82.93226764413208
0.9900_0.3500_-0.7854_9_1.dat,0.9900,0.3500,-0.7854,1,0.011070684825691103,-0.009873279554944396,0.7363482974716763,0.4918583285519286,0.3320303309714001,-39.90584499025317,0.011321777019267856,-0.014430324068856469,0.8095168504660406,0.7931443659469881,0.0202250076815903,41.46333919961296
0.7525_0.5000_0.7854_10_0.dat,0.7525,0.5000,0.7854,0,0.014432630393557055,0.0025152595923969502,0.7796401307569472,0.4400608619147155,0.43555899118807095,41.963979963738524,0.017957782491113027,-0.0011643149539730176,1.035163548147869,0.5817106101323407,0.4380495611798285,42.95529540929226
0.0400_0.6500_-0.7854_9_1.dat,0.0400,0.6500,-0.7854,1,0.0072269430542111456,0.002692390549608149,1.3886726846987576,0.47320266772896075,0.6592410343034782,-43.225995053167026,0.00889184976735924,-0.00025473063575165433,1.402570515257932,0.6285959852080926,0.5518257525237552,-40.087864066154225
0.5150_0.2000_-1.5708_9_0.dat,0.5150,0.2000,-1.5708,0,-0.01054909819639276,-0.02118236472945884,1.1110548822768298,0.8187015352080683,0.26313132837295694,82.8186007239479,-0.004882087039226626,-0.014627064732656457,1.1671868764235622,0.8921626568403289,0.23562997934482377,75.70375794600034
0.5150_0.6500_0.7854_10_0.dat,0.5150,0.6500,0.7854,0,0.006993130190692562,-0.004017330109546878,1.1235529899540977,0.36841870584404135,0.672094944218792,44.73741468062855,0.007130958447399659,-0.0006627166864061773,1.22136840637334,0.6936306116295465,0.4320873145153863,44.53270317403715
0.2775_0.5000_1.5708_9_1.dat,0.2775,0.5000,1.5708,1,-0.0050701402805610795,-0.034689378757515106,1.1113169049135267,0.5766324231344282,0.4811269219563462,-85.36001899524773,-0.015425780992563858,-0.03695037369098364,1.2007833699194437,0.7406475709934058,0.3831963453631997,-80.36285770233688
0.9900_0.6500_-1.5708_9_1.dat,0.9900,0.6500,-1.5708,1,-0.0023076152304609236,0.012324649298597277,0.6592044702626921,0.21755367144277976,0.6699754306033682,-88.97233584855411,0.00828087217904727,0.01939139581819617,0.8215760610311041,0.3872728176773482,0.5286220764620277,85.65836914597412
0.5150_0.8000_0.7854_10_1.dat,0.5150,0.8000,0.7854,1,-0.004752777843887209,-0.01256354453306604,0.9985995056712221,0.19902838395588118,0.800692487002483,46.477602926199275,0.00026568549868620115,-0.006873754236801695,1.1672749825167241,0.49441186527909475,0.576439251518002,40.873066619967034
0.9900_0.8000_0.0000_10_1.dat,0.9900,0.8000,0.0000,1,-0.00803607214428866,0.0013266533066132416,0.7959642891479703,0.1472827487409468,0.8149631198924719,0.325053053832562,-0.010511216054465526,-0.005949509981210137,0.9166322516727138,0.4905227384541861,0.464864194382145,-10.921986680092346
0.0400_0.6500_0.7854_9_1.dat,0.0400,0.6500,0.7854,1,0.0009919333603818758,-0.018251573831027577,1.236726843695864,0.4250793273171044,0.6562868110416467,47.81426990856228,0.019287401025852996,-0.0029715141700561542,1.2557932564456917,0.6465329028447571,0.485159758960119,48.76088334486423
0.7525_0.5000_0.7854_10_1.dat,0.7525,0.5000,0.7854,1,-0.0017500538572452961,0.017819374295432445,0.9076639840180433,0.44472367108064387,0.5100349039829223,42.60563854942191,-0.003925483522022757,0.027155424223372998,1.006149496554542,0.6838852110888526,0.32029463471308306,33.464953607789454
0.7525_0.6500_-0.7854_9_1.dat,0.7525,0.6500,-0.7854,1,-0.011873442323771773,0.02066197189675566,0.8722253562640926,0.33742398837441945,0.6131458619597225,-46.89836938952345,-0.00943433176650589,0.03872422762412884,1.006081777697367,0.572941535454356,0.4305219037306738,-47.24457315611576
0.2775_0.3500_1.5708_9_1.dat,0.2775,0.3500,1.5708,1,0.027784569138276573,0.036092184368737394,1.1403888962915718,0.7207269164143157,0.3679990056391762,86.94669446474732,0.0281349693863842,0.03547438860447068,1.1647194722750687,0.8108380818417632,0.3038340122725537,84.40262329039776
0.7525_0.6500_0.0000_10_1.dat,0.7525,0.6500,0.0000,1,0.022264529058116152,-0.006698396793587176,0.8391706924050769,0.2920994279894101,0.6519189354048479,1.1025459171773093,0.03397709833929773,0.005605698420136474,0.9815881411781275,0.633349484554052,0.35477064362871213,2.032950848836606
0.5150_0.5000_-1.5708_10_0.dat,0.5150,0.5000,-1.5708,0,0.009539078156312586,-0.02316633266533059,1.060276231729584,0.5347471951480589,0.4956529448219844,-85.29075893422944,0.015559442920380933,-0.02607185039862272,1.1132737131281314,0.7439728965490373,0.3317250845179973,-88.8644275375391
0.9900_0.3500_0.7854_9_1.dat,0.9900,0.3500,0.7854,1,0.0012533786532254163,-0.011881236085889068,0.7424882101339719,0.47454809329491826,0.3608678402997234,33.651763419113394,-0.0010521101866260041,-0.01744284858043067,0.8949733441353542,0.7518549652895571,0.15991356589962546,40.12312392016153
0.7525_0.5000_-0.7854_10_0.dat,0.7525,0.5000,-0.7854,0,0.011400148406103676,-0.005462718720389032,0.8777622808659314,0.4251194770883861,0.5156781211092865,-47.06049698712229,0.005180055027123853,-0.007435105881313237,1.0537597261519374,0.6421073081661416,0.39065112071519925,-47.315333730613276
0.2775_0.8000_0.0000_10_1.dat,0.2775,0.8000,0.0000,1,-0.02032064128256521,0.0012625250501002154,1.2346352002234615,0.23786718849637298,0.8073380797394076,-0.1050386281086162,-0.023073111772235633,0.0006665607229808395,1.232633266696403,0.5505682967637664,0.5533397388832837,-1.7713465713262622
0.7525_0.8000_0.7854_9_1.dat,0.7525,0.8000,0.7854,1,0.02103748952604299,0.02178569068930252,0.8467608023979004,0.17393211871141007,0.7945912018850421,45.34130384629361,-0.0011483025528131274,0.019396962531264116,1.0545151025337274,0.5196424330126287,0.5072214406753757,48.7727533140066
0.0400_0.5000_1.5708_10_0.dat,0.0400,0.5000,1.5708,0,-0.007885771543086131,-0.010521042084168415,1.318680982152615,0.652643030784955,0.5050789086837513,-87.10961607468072,-0.006669063265421235,-0.018053255241733495,1.426574084611543,0.7798059802543263,0.4533715502993537,-86.1185864198268
0.9900_0.6500_-0.7854_9_1.dat,0.9900,0.6500,-0.7854,1,-0.011942877658998501,0.022378016610216392,0.8185012264433507,0.2932310694040744,0.6417463286179093,-46.60471081098535,-0.022189966005060305,0.021245596829340987,0.9863793902401208,0.4671027966253133,0.5264471244562365,-50.37541685647173
0.2775_0.8000_0.7854_9_0.dat,0.2775,0.8000,0.7854,0,-0.005163721664616856,-0.0028567680778999994,1.2952140789212934,0.2311145905707578,0.8215626325161325,46.208531401546516,0.005072529707263034,0.008804379376020426,1.3198610636250008,0.6175659283235,0.5320977750284155,49.20957381614299
0.2775_0.6500_1.5708_9_1.dat,0.2775,0.6500,1.5708,1,0.0105,0.020801603206412736,1.1870891181017893,0.42379877456329773,0.6429932950266011,89.2487767788382,0.014805791948477136,0.010192366195855711,1.2430521527577396,0.6266144016681771,0.4959065874444457,88.66906681153357
0.5150_0.3500_0.0000_9_1.dat,0.5150,0.3500,0.0000,1,-0.0069939879759519825,0.0018757515030059868,0.9463205458402758,0.6713617122234763,0.2905557052791796,4.640572031149333,-0.007522993895819412,0.009898981380786355,1.1298393830207845,0.752954248349122,0.33357408171062963,-14.909311129418995
0.0400_0.3500_-1.5708_10_0.dat,0.0400,0.3500,-1.5708,0,-0.006578156312625274,0.007515030060120327,1.246756200919057,0.8582256546639904,0.3116331372313672,85.33819028171452,3.506835363979166e-05,0.011316427630041658,1.352331785269788,1.0157706302907479,0.24887469084511438,84.77721266817244
0.0400_0.5000_1.5708_10_1.dat,0.0400,0.5000,1.5708,1,-0.008076152304609178,-0.029418837675350775,1.1986804814644858,0.6534217259881501,0.45488248445504575,-88.74586380020745,-0.01014777021424765,-0.049209190596359365,1.3158251187256658,0.7446450079732785,0.4340851247052928,-82.40776928068438
0.2775_0.5000_0.0000_9_1.dat,0.2775,0.5000,0.0000,1,-0.029198396793587253,0.0157214428857715,1.1836810636246669,0.5668768793750563,0.5210898469228133,1.7380716408904675,-0.027298749415605603,0.013129621639089666,1.2283409047323912,0.7344751353804454,0.40205920640535897,6.587379444280344
0.5150_0.2000_-0.7854_9_0.dat,0.5150,0.2000,-0.7854,0,0.0011761495558813917,0.004832132512717769,1.094170669864233,0.7313440041808874,0.33159969982412885,-45.42065722299495,-0.002451027955329848,-0.00575068836426455,1.2165797327432268,0.8390113055462484,0.310352389600977,-44.11807553594946
0.2775_0.2000_0.7854_10_0.dat,0.2775,0.2000,0.7854,0,0.009752121980211992,-0.027748627232855698,1.2348156772653116,0.8638138484056819,0.3004511812493911,42.41098521519558,0.00542125836944294,-0.020794267282163954,1.3331253247668493,0.9600407975383495,0.2798570549199856,42.65229484736844
0.5150_0.8000_0.7854_10_0.dat,0.5150,0.8000,0.7854,0,-0.019436225672855145,-0.01624503434774068,1.0194104813861298,0.20215601469438374,0.8016932154557556,47.07286197402434,-0.03671631523345757,-0.002434738540457988,1.1300172195171239,0.524557700043857,0.5357967197455542,50.78388263840904
0.5150_0.3500_0.7854_9_1.dat,0.5150,0.3500,0.7854,1,0.0010571175526355625,0.0072467817214187605,1.0053409004921383,0.6645340476759926,0.33899630727180474,45.31199867453051,0.007927081572212467,0.0008235695978875857,1.0652393238927955,0.7828278040652189,0.26511555994340874,40.279498569947435
0.0400_0.6500_0.0000_9_1.dat,0.0400,0.6500,0.0000,1,0.010280561122244408,-0.003030060120240478,1.328224232380076,0.4574166655207626,0.6556178886293115,0.2077592025497097,0.018987756813534356,0.007954765993609201,1.3816125604181024,0.6274358989378449,0.545866969573604,2.539972785973305
0.9900_0.5000_1.5708_9_0.dat,0.9900,0.5000,1.5708,0,0.007775551102204446,0.0021843687374748667,0.8178282983882517,0.4187040450202004,0.4880293995140934,89.84423684361265,0.011280746882818384,-0.009845281250366288,0.9174442262701196,0.5832440084667428,0.3642730623114515,-89.99199091194231
0.5150_0.6500_0.7854_10_1.dat,0.5150,0.6500,0.7854,1,-0.0024316537805934685,0.0018931756706717406,1.1026151232622168,0.38395488323451926,0.6517779639204082,46.59502229892611,-0.00039961328137846696,-0.004425174476906031,1.1257009717489925,0.6145773793949473,0.4540491704114963,45.09614676831472
0.9900_0.6500_0.0000_9_1.dat,0.9900,0.6500,0.0000,1,0.033907815631262446,0.006551102204408809,0.7946223559599404,0.249745081825323,0.6857059457839951,-0.9650606529135928,0.029082125305295428,-0.0076971209831876,0.8937717057092452,0.5696815085377385,0.362609596053757,3.2621402537373
0.2775_0.5000_0.7854_10_1.dat,0.2775,0.5000,0.7854,1,-0.02256648394868894,-0.014333437057518978,1.1295263643130202,0.5980889217521395,0.47049582847417815,41.104238807704945,-0.017599599970939385,-0.008775837469858518,1.1549894829722887,0.7394863843149986,0.35974621828418774,42.393380103253236
0.0400_0.3500_0.7854_10_1.dat,0.0400,0.3500,0.7854,1,0.006350499077930851,0.006884726044879363,1.287910816580466,0.8072553822544474,0.3732055264526838,53.034881554692724,-2.8657090356636327e-05,0.0115819485363149,1.373047151417101,0.8930388281707303,0.3495934737208124,49.832493378059
0.7525_0.3500_0.0000_10_0.dat,0.7525,0.3500,0.0000,0,-0.007875751503006092,0.0014458917835671085,0.8709919579374749,0.5055292944513133,0.4195936141036065,-0.7987826749073577,-0.015525587109429972,-0.012845130435691026,1.0040167503120005,0.6687684283050501,0.33390710055661044,4.046467137013252
0.7525_0.3500_0.7854_9_1.dat,0.7525,0.3500,0.7854,1,0.0025620221651007236,0.0008672331665052674,0.7682010354303993,0.5438788844798577,0.2920096961661356,56.51188409393429,-0.0018518243021996628,-0.001679700984494485,0.8541247594328198,0.6894038108655555,0.19285349914999195,40.899738220507686
0.7525_0.8000_-0.7854_10_0.dat,0.7525,0.8000,-0.7854,0,0.010540000477886812,-0.015165244032581952,0.8523788183728144,0.18163318711031906,0.7869102525834046,-46.219480137684485,0.021012331664265364,-0.025847847678718443,0.9962178779274121,0.5657026598760659,0.4321496608222032,-34.68333944296376
0.2775_0.8000_0.7854_9_1.dat,0.2775,0.8000,0.7854,1,-0.004820796131456255,0.002496837972847046,1.084051633605101,0.2263325324416251,0.7912160957786318,42.87833283153637,0.0062184216298967285,0.020572408189859434,1.2618935071806097,0.27539687539211416,0.7817590202144549,45.167439706476564
0.7525_0.3500_-1.5708_10_0.dat,0.7525,0.3500,-1.5708,0,0.00902705410821639,0.00232464929859727,0.9286296804093503,0.5637352531357869,0.3929385792544493,-83.78375751421788,-0.004731529314096647,-0.010659746314702723,1.0257349499542738,0.7857693318499254,0.23394505385143194,86.82175773755579
0.0400_0.8000_-1.5708_10_0.dat,0.0400,0.8000,-1.5708,0,-0.0036513026052104043,0.015671342685370824,1.2895231935511655,0.2454890876825033,0.809628016843605,89.51759331817563,0.01904075918633508,0.0030902347203023138,1.417648336186766,0.6702301788291244,0.5272239512995656,-83.41571207417734
0.0400_0.6500_1.5708_9_0.dat,0.0400,0.6500,1.5708,0,0.00312124248496994,-0.04531062124248504,1.3239164689103644,0.4761211290681189,0.6403692073866372,88.55525967780972,-0.006528864515544951,-0.04932942856707411,1.351713057459412,0.7225485240410837,0.4654571692906949,88.72665709337886
0.7525_0.2000_-0.7854_10_0.dat,0.7525,0.2000,-0.7854,0,0.019507078055739462,-0.018101366779312466,0.8994171330575256,0.6656185474174987,0.2599445541416804,-48.9184673852659,0.030085595535015382,-0.01898569702701343,1.0481249719640482,0.8341261070490708,0.20417304294732308,-59.29889193695156
0.9900_0.5000_0.0000_10_0.dat,0.9900,0.5000,0.0000,0,0.0038476953907814813,0.0023246492985971525,0.6892977417150973,0.41500906810593663,0.39792481102096877,-4.267922875766743,-0.015359958907931211,-0.015001876563699208,0.8470887228712563,0.5882007677828469,0.30562082589282225,10.11566664367814
0.5150_0.3500_-0.7854_10_1.dat,0.5150,0.3500,-0.7854,1,-0.007290001674978418,-0.009528936974126094,0.9524445168975292,0.6982192684490673,0.26691869598511553,-48.03563800754088,0.0007253050981667308,-0.002171248241043487,1.0227493136936494,0.8646218542867394,0.15461018383462333,-39.120572820774214
0.9900_0.6500_0.7854_9_1.dat,0.9900,0.6500,0.7854,1,-0.016844445506942914,-0.011071393349520087,0.7263625389050598,0.28180103388854894,0.6120380405171444,41.77711919581782,-0.0316059860957525,-0.016415621633049028,0.918104695141939,0.48433829983027227,0.47245853071757404,31.35715245275884
0.2775_0.8000_0.0000_9_0.dat,0.2775,0.8000,0.0000,0,-0.012845691382765605,0.002264529058116251,1.2152618065046623,0.2522068451709619,0.792467068560017,1.197313108606636,-0.031095954803391494,0.00916402465034244,1.274420689249171,0.5402116861084775,0.5761119615636929,2.822980494892363
0.2775_0.8000_-0.7854_9_1.dat,0.2775,0.8000,-0.7854,1,-0.0012696747012889164,-0.0003344232472144082,1.1524253520241976,0.23754649350081497,0.7938725548829932,-42.83584215952905,0.007816595961940303,-0.0010046631472121349,1.182639028955131,0.6556064343198648,0.4456411311749984,-42.90246666248905
0.5150_0.6500_-0.7854_9_1.dat,0.5150,0.6500,-0.7854,1,-0.010583220431446414,0.0071015343365058315,1.002109978393875,0.3570076901920865,0.643744002265821,-48.31296046664434,-0.030388344090678518,0.02098287421875046,1.1973878607505735,0.602346639517489,0.4969494352983397,-47.03627557709177
0.9900_0.5000_0.7854_9_0.dat,0.9900,0.5000,0.7854,0,0.011088397921412268,0.002175168154551714,0.7247225076360051,0.4262874719146724,0.4117921446855669,47.17264491919466,0.009345150888227394,0.0011758406718270708,0.9050835260347969,0.5077180992120621,0.4390372992022149,49.50601394337089
0.0400_0.2000_0.0000_10_0.dat,0.0400,0.2000,0.0000,0,-0.030180360721442964,0.02853707414829662,1.2989339288485633,1.0373374171455856,0.20139323940430853,-2.65116370826766,-0.03682598234576352,0.04654813608959814,1.409912746511026,1.099282268824334,0.22031893707988592,-5.499900813970214
0.5150_0.5000_0.7854_10_1.dat,0.5150,0.5000,0.7854,1,-0.023331689683840716,-0.0022885319671669658,1.0326811046521638,0.5509781168662594,0.4664586052905031,46.23498821798312,-0.020199139977343288,-0.011242862397184684,1.0882167675605492,0.701681804516,0.35520033743924284,44.176685475431924
0.2775_0.8000_1.5708_10_1.dat,0.2775,0.8000,1.5708,1,-8.016032064129736e-05,0.035490981963927776,1.2022519107952172,0.24485069181993144,0.7963399437161406,89.71499312692228,-0.015445999552500742,0.015432232092593132,1.2825971083361132,0.6201609564701435,0.5164803098030795,81.73733264831776
0.5150_0.2000_0.0000_10_0.dat,0.5150,0.2000,0.0000,0,0.020641282565130176,-0.009394789579158297,0.9967905256418552,0.8579892821739311,0.13924815685677483,-7.9028877198796295,0.020835720511503005,-0.008762440680098819,1.1659984431825194,0.9548566807715917,0.18108237077455236,-20.195218268611228
0.5150_0.8000_1.5708_9_1.dat,0.5150,0.8000,1.5708,1,-0.002693386773547109,0.013847695390781473,1.048183256024097,0.21315626044257593,0.7966421813957352,-89.85890442503907,-0.0020827230308663094,0.017054143151458038,1.0635189243237295,0.6081162400437197,0.4282036490978206,-89.3728594007915
0.0400_0.2000_1.5708_9_1.dat,0.0400,0.2000,1.5708,1,0.03494989979959919,-0.018136272545090256,1.1639605231988537,1.0623532539411202,0.0872944290056259,52.014045844554886,0.038953864991529336,-0.008756361140768143,1.2302817016605068,1.1676896699407353,0.05087617871199024,70.9032119307944
0.9900_0.3500_0.0000_10_1.dat,0.9900,0.3500,0.0000,1,0.01953907815631255,-0.005405811623246521,0.7285404590800203,0.49618432594478756,0.31893373969737426,-11.695850631358553,0.04389135869573961,-0.008466817810843194,0.9366683183258275,0.6492147110223123,0.30688943106061395,4.906854681264093
0.7525_0.3500_0.0000_9_1.dat,0.7525,0.3500,0.0000,1,-0.017955911823647374,0.0028136272545089868,0.8080166509896928,0.568220012206773,0.29677190252107655,-0.6481318230240731,-0.02686303351206412,0.002946646041153883,0.9696518158160443,0.7299951371057908,0.24715745879211504,7.807680655471302
0.0400_0.2000_-0.7854_10_1.dat,0.0400,0.2000,-0.7854,1,-0.0023381286351860263,0.008799865954245477,1.3530186442619554,1.019224133242425,0.24670355610776418,-39.05560980363481,0.0024252893315071878,0.004466072638611846,1.4176012922554704,1.0858415296011303,0.23402896460858513,-48.335569584281615
0.2775_0.2000_-0.7854_10_0.dat,0.2775,0.2000,-0.7854,0,-0.029979060246057353,0.008848045574606899,1.1595219788736193,0.969993152273074,0.16345427689491232,-64.08447801093489,-0.02271976450696456,0.012197178386059007,1.207375205269149,1.1279027145384484,0.06582253005020477,-64.79664176452707
0.2775_0.5000_1.5708_9_0.dat,0.2775,0.5000,1.5708,0,-0.006543086172344647,-0.011523046092184448,1.159177384610331,0.5651577434076068,0.5124493016247119,-86.04642752532823,-0.02195143250833974,-0.014142378561520539,1.1832935325301197,0.7484583085033966,0.36747874645858825,-88.82156731138299
0.7525_0.6500_1.5708_10_1.dat,0.7525,0.6500,1.5708,1,0.000168336673346694,-0.015731462925851782,0.9654747146048511,0.3209913006465373,0.6675300804973309,88.8513626531668,-0.009024589366693224,-0.016615725990493414,1.080841500826933,0.4869860867220986,0.5494380199598978,-89.83127201646627
0.5150_0.6500_-1.5708_10_0.dat,0.5150,0.6500,-1.5708,0,0.0018867735470941838,0.01018036072144297,1.0385320975362475,0.3409591839999607,0.6716912411192373,86.48954504738373,-0.0037576105103913626,0.01647219268369224,1.1485619640287867,0.5364683988656274,0.5329216745225758,-84.3698199382589
0.0400_0.8000_-1.5708_9_1.dat,0.0400,0.8000,-1.5708,1,0.0038036072144288736,0.014569138276553185,1.328945718260245,0.2584854617755704,0.8054958466520664,89.4069932738994,0.0026193893745320366,-0.004304770953169303,1.413377395797134,0.48318880595220437,0.6581317860402816,-88.6130562106641
0.9900_0.8000_1.5708_10_0.dat,0.9900,0.8000,1.5708,0,-0.0010821643286573314,-0.018376753507014107,0.7907046397230084,0.13553564709204,0.8285887798261568,-88.92809230326777,-0.0023421194624724416,0.00039428899214793755,0.9198179383418634,0.42195583792693486,0.5412615689061404,-83.16345980284119
0.5150_0.3500_1.5708_10_0.dat,0.5150,0.3500,1.5708,0,-0.0017454909819638975,0.020541082164328577,1.066477333067443,0.6626093264894599,0.37869347435295464,83.26850597679962,0.0009710188544618314,0.0156679653093935,1.2380296592501092,0.8265963713944344,0.33232910438097685,78.33775331137474
0.9900_0.2000_0.0000_9_0.dat,0.9900,0.2000,0.0000,0,-0.0070340681362726235,-0.0031262525050100016,0.6694171475960603,0.5546852748934742,0.17139069878116964,18.555025024178462,-0.0027931553556913647,0.00027359811751584027,0.8756327793432556,0.6021500473792307,0.31232582700837574,39.43897338816828
0.0400_0.2000_-1.5708_9_1.dat,0.0400,0.2000,-1.5708,1,-0.005835671342685364,-0.0005210420841682572,1.2975671900863568,1.0742929341569363,0.17207144079726688,87.0444933065671,0.01119530091004275,0.004480926437029615,1.3602049300762524,1.1565390262661692,0.14973177887148648,-82.80502316664085
0.5150_0.6500_0.0000_9_0.dat,0.5150,0.6500,0.0000,0,-0.0025851703406814465,-0.004650300601202404,1.0088459050702332,0.35887332180989445,0.6442734019077863,2.080287212491214,-0.004957347213826537,0.002249391439817012,1.0560405249524345,0.5471054078650439,0.4819276391976659,-0.2918737187452507
0.9900_0.2000_0.7854_10_1.dat,0.9900,0.2000,0.7854,1,0.01623369796647907,-0.001383038513903999,0.7803999839668804,0.5894050030025014,0.24473985762214556,43.06814443119123,0.007036226191009139,0.008561043689694294,0.9283418140071289,0.7429018068098869,0.19975401775430313,50.720778144541676
0.9900_0.8000_0.7854_9_1.dat,0.9900,0.8000,0.7854,1,-0.0037750149600821537,0.00485197117992529,0.7895514705054293,0.13618990694730293,0.8275097798752482,46.83525778788321,-0.013497810293710116,0.005640406210606987,0.9072252591823722,0.5498895116284517,0.3938776438786171,43.606712818680165
0.0400_0.6500_0.0000_9_0.dat,0.0400,0.6500,0.0000,0,-0.014609218436873827,0.006880761523046088,1.36650310824655,0.4555727596430993,0.6666141797308645,-1.2834014995524967,-0.005047411430519851,0.0010400914909035092,1.4632824158380948,0.7214953774200421,0.5069336106203356,-8.44251754154672
0.5150_0.5000_0.7854_10_0.dat,0.5150,0.5000,0.7854,0,-0.018053187158951163,-0.013320247982271723,0.9926398568017705,0.46539409022326267,0.5311551445025227,45.75620916166625,-0.01378336276020949,-0.01204148040206459,1.0661225067610205,0.6184725398258193,0.4198860488324212,46.74625012397675
0.0400_0.2000_0.7854_9_0.dat,0.0400,0.2000,0.7854,0,0.010095047513372606,0.03678088900296194,1.3129582438883005,1.0225011820699512,0.22122338099509264,42.158042563193106,0.009977999829418754,0.03901791172838112,1.3312628191240203,1.1279179681449811,0.15274583505069383,43.23974891742566
0.7525_0.6500_-1.5708_10_0.dat,0.7525,0.6500,-1.5708,0,0.010633266533066123,-0.010020040080160242,0.8629075531551661,0.2777142034980003,0.6781645930869928,87.11568564264955,-0.003034324509276477,-0.023114973146333612,1.03859500068078,0.5442393849006684,0.47598497533309003,73.95135917659543
0.9900_0.8000_-0.7854_10_1.dat,0.9900,0.8000,-0.7854,1,0.0043503363091035654,-0.002366469588339683,0.7453947150500914,0.13594362046458314,0.8176219689786135,-43.97348198562054,0.018737469465336533,0.00841069276547684,0.8020024571698701,0.6507451073572017,0.1885996089668226,-23.018148003579256
0.5150_0.2000_-0.7854_10_1.dat,0.5150,0.2000,-0.7854,1,0.0017656413814797888,0.010863087343839893,1.0548637160202734,0.8463987973008351,0.19762260807104282,-61.146606315033864,0.010143408026581894,0.009197878925516963,1.230771487335925,0.9693139511012402,0.21243385870160558,-61.773286592384636
0.7525_0.6500_-0.7854_9_0.dat,0.7525,0.6500,-0.7854,0,-0.0014021686572828096,0.005994820115851135,0.7910642814556025,0.28071225847149045,0.6451460835079493,-47.48327744036422,-0.016464598087877334,0.005265105478024317,0.9517525784871161,0.465844699067268,0.5105401239807893,-48.40335567807006
0.2775_0.2000_0.0000_9_0.dat,0.2775,0.2000,0.0000,0,0.018176352705410747,0.004681362725450923,1.1745391804247263,0.9027539686723999,0.23139731418244036,11.550967739721443,0.008986779266111473,-0.00936034686559133,1.2315218111861028,1.1091510797949207,0.09936546009958569,2.549934733025111
0.9900_0.5000_-0.7854_10_0.dat,0.9900,0.5000,-0.7854,0,-0.012037819852063652,0.0028128396005116406,0.705206014526587,0.353340279969825,0.49895452861809975,-47.902075039881225,0.0038397532285879142,0.01366068216714491,0.8582720167996691,0.6312383075694037,0.2645241890523594,-47.19305871005781
0.5150_0.2000_1.5708_9_1.dat,0.5150,0.2000,1.5708,1,-0.04081763527054111,0.004148296593186291,1.0340054222378738,0.787772536726487,0.23813500414579136,-84.80302322481819,-0.041177084430137366,-0.0033360953759366384,1.1380931541633814,0.9333653820631452,0.17988665633502798,-67.67507693925404
0.9900_0.8000_1.5708_9_1.dat,0.9900,0.8000,1.5708,1,0.002929859719438861,-0.010921843687374828,0.8348250586683209,0.16944210701013168,0.7970327971702014,89.13950872041198,0.013970237797173001,-0.010317568821245363,0.971024025403603,0.614272410481983,0.3673973100442467,87.8101838162518
0.9900_0.8000_-1.5708_10_1.dat,0.9900,0.8000,-1.5708,1,0.000977955911823662,0.010020040080160395,0.6886153088339797,0.15370061261611093,0.7767975665885652,-88.54641029454704,-0.00234250744566214,0.00806437948553564,0.8288771167373962,0.49964983255787415,0.397196734632291,-74.1110030351957
0.2775_0.6500_-1.5708_9_1.dat,0.2775,0.6500,-1.5708,1,0.0036963927855711344,0.015170340681362809,1.1928491546552533,0.459327117693686,0.6149327717581887,89.28692565197018,-0.0003056169387232527,0.02392819560053994,1.2480626106923425,0.7254224730016993,0.4187611528565198,82.00687729102084
0.0400_0.8000_-0.7854_10_0.dat,0.0400,0.8000,-0.7854,0,0.005940263781030032,-0.0033555688534062334,1.2871749464141615,0.24729630877740297,0.8078766919241817,-45.79118737048901,0.01002118614656219,-0.003460863370779047,1.3761480337342238,0.5554680272129308,0.5963602653228739,-43.75210566865988
0.0400_0.3500_0.0000_10_1.dat,0.0400,0.3500,0.0000,1,0.030080160320641203,-0.010394789579158346,1.2911924726638828,0.8785665007328648,0.3195696851296862,10.102678070088558,0.013319396799711223,-0.010082120505409513,1.427196783360871,1.0450580644211138,0.2677547507077952,-9.255052328661321
0.2775_0.3500_0.7854_10_0.dat,0.2775,0.3500,0.7854,0,0.01778182253250374,-0.014069157669360064,1.1908391140184345,0.7971970229692521,0.33055858378790925,49.97367977574847,0.04214982483901959,-0.015346796730350741,1.254332397460072,0.9601152797606627,0.23456072592494348,52.94852548423754
0.5150_0.3500_-0.7854_10_0.dat,0.5150,0.3500,-0.7854,0,-0.0031904828012856725,0.02067259975418831,1.0865519103064083,0.6799230870585735,0.37423782461821375,-48.47207072308956,-0.015401079350954758,0.005359465293223379,1.0948995474847685,0.9251863654849796,0.15500342692592983,-51.4155281733928
0.9900_0.5000_-0.7854_10_1.dat,0.9900,0.5000,-0.7854,1,0.018230318116162103,-0.026576728819947257,0.7592768996593176,0.4019946466507167,0.4705559370618426,-44.83063993981423,0.007874971279928034,-0.024276745684386224,0.866227577683243,0.6965869873040428,0.19583836251543751,-51.81360919017973
0.5150_0.8000_-0.7854_10_1.dat,0.5150,0.8000,-0.7854,1,-0.00491998946749442,0.005254412714708927,1.051294352392755,0.22296731219440943,0.7879116237170551,-44.60411232209151,0.0045385161531060194,0.009100217591211386,1.1656319626241836,0.5669728917017469,0.5135918455553307,-42.43530404987504
0.7525_0.8000_0.7854_10_0.dat,0.7525,0.8000,0.7854,0,-0.012008061851252179,-0.011259860687992642,0.785449668828972,0.18110682601313352,0.7694227482670584,44.624239721473685,-0.03519207744205926,-0.013599011687171321,0.9938107758801931,0.46464584801669156,0.5324604448918694,37.07478208544799
0.2775_0.3500_-1.5708_9_1.dat,0.2775,0.3500,-1.5708,1,-0.0012374749498998384,-0.003326653306613142,1.1854736840008242,0.7907135098932222,0.33299783827789087,86.46151484973947,-0.017819241345450983,-0.015038481115931757,1.2986859193462257,0.8952005799691052,0.3106873905125882,81.78451906371198
0.7525_0.2000_-1.5708_9_0.dat,0.7525,0.2000,-1.5708,0,-0.0057555110220440684,-0.018577154308617158,0.9031053185577577,0.6790798745470562,0.24806126085988056,87.27973329203368,-0.005559682763120704,-0.03758286040072677,1.0202256070095386,0.8062892654867935,0.20969513022696062,-75.50246098984412
0.7525_0.3500_-0.7854_9_1.dat,0.7525,0.3500,-0.7854,1,-0.008656744140818956,0.007809349641521198,0.8940009356861832,0.5046678491343899,0.4354951667393545,-58.06645445867649,-0.021820176205913536,0.029421480711564883,0.9731728919322551,0.8038252451069153,0.17401599266610934,-61.26138320549117
0.0400_0.5000_-1.5708_10_1.dat,0.0400,0.5000,-1.5708,1,0.0044689378757514645,-0.008597194388777471,1.3841035550207972,0.6207666597190149,0.5515027344108747,-89.1287212028117,0.006574003504349171,-0.023219086664334868,1.4417232339097312,0.7791627419600966,0.45956149999252816,-85.42772115788057
0.9900_0.3500_-1.5708_9_0.dat,0.9900,0.3500,-1.5708,0,-0.010420841683366764,0.00723446893787583,0.7755234280924288,0.4921062917053801,0.3654527073207521,88.8690848486542,-0.007684977531639701,-0.0002684047453772287,0.9435466525125864,0.6402364457720533,0.3214575622019783,64.4716020823989
0.9900_0.5000_-1.5708_9_0.dat,0.9900,0.5000,-1.5708,0,-0.0011623246492986393,-0.0065931863727454075,0.7631782816852976,0.37982467371231643,0.502311998615102,-88.77549220944935,-0.008190424649687457,-0.014813771512236522,0.8706271357442107,0.5874453047521623,0.3252618938301125,83.9578587441706
0.2775_0.5000_-0.7854_10_1.dat,0.2775,0.5000,-0.7854,1,-0.018889245276987418,0.01832242621391197,1.1131921029716747,0.5856478982045105,0.47390221630110474,-43.920356709185285,-0.014743517989731964,-0.0007461177399174046,1.2070838189697493,0.7382213894480484,0.38842574322790346,-45.948023176465256
0.5150_0.3500_0.7854_10_0.dat,0.5150,0.3500,0.7854,0,0.011264111830965621,-0.021268468294246362,0.9949317354593125,0.65635858416796,0.34029787092382713,48.86657949711346,0.012900463846509969,-0.010419234507528123,1.1804871391077403,0.8161985261070569,0.30859176769687413,56.48268730155078
0.9900_0.6500_-1.5708_9_0.dat,0.9900,0.6500,-1.5708,0,0.0029529058116232387,-0.0025250501002003186,0.7360393987073628,0.2993901569422128,0.5932416695790962,85.073468189809,0.0071812838058465875,-0.005662832821038846,0.9396409085311332,0.5545565105689277,0.40982080970077994,73.7726171443914
0.7525_0.5000_1.5708_10_0.dat,0.7525,0.5000,1.5708,0,-0.0035270541082163924,-0.015210420841683442,0.8440130156706642,0.39575227987822975,0.53110642545748,-87.33436986812264,0.001385822984372162,-0.008431960045726262,1.0307810719822834,0.6882278272847235,0.33232395705404216,-76.45715366064704
0.9900_0.3500_1.5708_10_1.dat,0.9900,0.3500,1.5708,1,0.0006382765531062426,0.012625250501001928,0.7070109925493446,0.473910295385256,0.32969883017458146,84.91186329155963,0.008420483508443988,0.01526201543301118,0.9490775349097959,0.7657954307901998,0.19311604940371485,-82.16880585628648
0.9900_0.6500_0.0000_10_0.dat,0.9900,0.6500,0.0000,0,0.01623246492985964,-0.003864729458917839,0.7427867450192179,0.26232806820907023,0.6468325936507078,0.043017619611816826,0.02771674718137102,-0.004047803526129465,0.9116291831762537,0.49953440076440014,0.4520421131934951,5.428204898127575
0.2775_0.2000_0.0000_9_1.dat,0.2775,0.2000,0.0000,1,-0.02338677354709426,-0.004168336673346669,1.2259899301393251,0.9430448568355986,0.23078906795879783,7.455476929676337,-0.044293814879862496,0.010296227196459116,1.3331842942994259,1.0255805123961939,0.23072862710618303,6.417557366796274
0.7525_0.5000_0.0000_9_1.dat,0.7525,0.5000,0.0000,1,0.010661322645290506,0.006232464929859675,0.8545053644706571,0.43812852621066134,0.48727235143565173,5.990942621379816,0.025683001799931597,-0.0013479712964842134,0.9760200489415815,0.6548720476858954,0.32903832416551926,5.945899892396568
0.5150_0.6500_1.5708_9_1.dat,0.5150,0.6500,1.5708,1,-0.003962925851703398,0.02424849699398789,0.985641142646684,0.3672721616452774,0.6273774036470686,-89.83636857377226,-0.005190780390060259,0.012507572261973162,1.1375586276757004,0.6312431835778006,0.44508953805081786,87.41139275115982
0.0400_0.2000_0.0000_9_1.dat,0.0400,0.2000,0.0000,1,0.027174348697394705,-0.021691382765531043,1.3011045505787984,1.0805124954477134,0.16954214404442303,2.1705079294812037,0.0329323610307749,-0.0032079549120904516,1.314894981572531,1.2111621435500421,0.07889058782354696,-5.5489132636347165
0.9900_0.3500_0.7854_9_0.dat,0.9900,0.3500,0.7854,0,-0.02139671110726711,-0.011393771691644239,0.7885290715212061,0.4310450277696657,0.4533555662848209,40.274227464966486,-0.008933031772607451,-0.008721291151777657,1.0388951814090779,0.6099133609141278,0.4129211764300532,46.220206982045596
0.0400_0.5000_0.0000_10_1.dat,0.0400,0.5000,0.0000,1,-0.03549098196392793,0.008376753507013987,1.2253870582364346,0.6304107903272282,0.4855414980189937,-0.33169047476067703,-0.049070875418177735,0.0005560947002774941,1.3077869591171738,0.8686022891783854,0.3358227935192606,10.869266909612293
0.9900_0.5000_0.7854_9_1.dat,0.9900,0.5000,0.7854,1,-0.0003613471527105834,-0.0008006319265940664,0.7654189810993216,0.33985457882181,0.5559888280615946,46.04007754333418,0.0018582968051105008,0.009834800472483744,0.8511088777213002,0.5727826065105346,0.3270160592801441,48.94506183603127
0.9900_0.5000_1.5708_9_1.dat,0.9900,0.5000,1.5708,1,-0.0009519038076151931,-0.009879759519038153,0.7234682524717525,0.36801289833099715,0.49132128870386604,-87.31325522357844,-0.004039168766480727,-0.01437823323927978,0.8430884784018299,0.4773734242202184,0.43378015896370214,83.18852670989335
0.7525_0.5000_0.0000_9_0.dat,0.7525,0.5000,0.0000,0,-0.01386773547094196,-0.011583166332665366,0.8113999458683911,0.4037468469427556,0.5024071063861727,4.918166327213839,-0.0069107967944160445,-0.013918762016138762,0.9350348134329137,0.7206179713807607,0.2293142875236237,4.747214500923604
0.9900_0.5000_0.0000_10_1.dat,0.9900,0.5000,0.0000,1,-0.022685370741483045,-0.003997995991984007,0.7686465907081478,0.36807180929261857,0.5211429885436465,-1.9926494308890312,-0.02592500125161266,-0.026489102556475737,0.9162978942220871,0.6590437301133525,0.2807538527927499,16.59177458703556
0.0400_0.3500_-0.7854_9_0.dat,0.0400,0.3500,-0.7854,0,-0.008974162816141173,0.020358723698010305,1.2757582582694746,0.8733137738697185,0.31545512779643625,-43.65777672147499,-0.022239608273103614,0.024680315098678282,1.3474400881580224,0.9611228536519638,0.28670457254553117,-48.9703452471457
0.7525_0.8000_-1.5708_10_0.dat,0.7525,0.8000,-1.5708,0,0.001675350701402823,-0.015811623246492913,0.9161182022059067,0.19781259107629634,0.7840752529531817,89.48073978414777,-0.0059470847504922665,-0.0136896545692652,1.025178443056484,0.5295091782632417,0.483495598400846,-86.30067429489311
0.5150_0.3500_1.5708_10_1.dat,0.5150,0.3500,1.5708,1,0.0006513026052104481,0.011302605210420763,1.0685437298330163,0.6299268476459061,0.41048098448498105,-87.05184678284537,0.011401929943193707,0.011924443709622437,1.2052984230454842,0.6945917776128467,0.42371800681710925,-78.46105008372041
0.2775_0.3500_-1.5708_10_0.dat,0.2775,0.3500,-1.5708,0,-0.015696392785571164,-0.016232464929859636,1.3108090030877357,0.7205447764075984,0.45030528878708764,-82.27975625810518,-0.027536895716523357,-0.03314631367385155,1.4242256365773955,0.768352837975093,0.46051186115316145,-86.31965860480918
0.7525_0.3500_1.5708_9_0.dat,0.7525,0.3500,1.5708,0,-0.009743486973947862,0.0014629258517033206,0.8856100252585316,0.5701707066339146,0.3561830937184033,-87.12721375153068,0.0014579485830563677,-0.000834234819127323,1.066983697294727,0.7205848570001692,0.32465242081283086,88.25745365071488
0.2775_0.8000_1.5708_10_0.dat,0.2775,0.8000,1.5708,0,-0.006893787575150318,-0.01228456913827663,1.2432563221666797,0.22602360797685958,0.8182003148128313,-88.5479070446528,8.843369226501751e-05,-0.015394813657220063,1.3464540652437702,0.5238009828459923,0.6109774582238272,-84.10974915553008
0.2775_0.2000_0.7854_10_1.dat,0.2775,0.2000,0.7854,1,0.010236752279141456,0.019804658063854036,1.2185212487506283,0.9030316963105572,0.25891181853705725,42.580963429941505,0.009436261125383944,0.01987466234005447,1.3035206209549333,1.0901928249622532,0.1636550987865465,45.15331775966276
0.5150_0.5000_-0.7854_10_0.dat,0.5150,0.5000,-0.7854,0,0.004286569164507541,0.013185628454791263,0.9836909842094097,0.49149875331108145,0.5003524875181224,-49.781686197426296,0.004113708873636323,0.010794271768413567,1.016390499948634,0.7655408209543475,0.24680443098097027,-43.73387760117913
0.5150_0.2000_-1.5708_10_1.dat,0.5150,0.2000,-1.5708,1,-0.00947494989979957,0.0187575150300602,1.0977978114704632,0.8305454210688142,0.24344409107873277,76.0907431338645,-0.007861476189120697,0.026104174608779136,1.1559576470760635,1.0385326515886983,0.10158243754378526,-71.7664649261252
0.7525_0.3500_1.5708_10_1.dat,0.7525,0.3500,1.5708,1,0.008519038076152332,-0.008917835671342767,0.9073336871711958,0.5534301085522368,0.3900478772284186,83.32708939991386,0.023814560057750258,0.0001607064628608379,0.9723298425271862,0.7909644349150797,0.18652662880398585,84.40664078323294
0.0400_0.8000_0.0000_10_1.dat,0.0400,0.8000,0.0000,1,-0.0015430861723447697,-0.0017675350701402632,1.325470352909449,0.25357489718944737,0.8086906307388599,-0.4292082145682059,0.0015716133015607214,-0.007403962889350586,1.3890227895753189,0.46050537656644697,0.6684680913642589,-3.184753689472899
0.5150_0.5000_-1.5708_9_1.dat,0.5150,0.5000,-1.5708,1,-0.00521042084168341,0.012645290581162403,1.0337091515209769,0.5297005978362747,0.4875728854128022,88.59680488455021,-0.02873505480744345,0.026440294275097767,1.1591621065009656,0.7198335186693766,0.3790053050972668,-78.9154682730396
0.2775_0.6500_0.0000_10_0.dat,0.2775,0.6500,0.0000,0,-0.0036272545090181244,-0.008585170340681366,1.2781338577872952,0.40530530134470527,0.6828929154209484,0.03449309916172183,0.0062672124624506,-0.027709440865046592,1.3636973828738723,0.6123032683416944,0.5509976949201743,0.5609688620951658
0.7525_0.8000_1.5708_10_0.dat,0.7525,0.8000,1.5708,0,0.0029458917835671135,-0.026893787575150374,0.8766142440597201,0.15500584752777183,0.8231766725465027,89.27776753034307,-0.00975752138144301,-0.019570124305594908,0.9697775851725872,0.570814030285066,0.41139696461072495,82.63972789919941
0.2775_0.6500_0.0000_9_1.dat,0.2775,0.6500,0.0000,1,0.012344689378757429,0.011278557114228448,1.0935162428831382,0.3874672393908036,0.6456685102644503,-0.8136564986975259,0.029698063577078552,0.007938131232786711,1.1569391515855776,0.6551056953571489,0.43375959361446903,0.2106756559732048
0.9900_0.2000_-0.7854_10_0.dat,0.9900,0.2000,-0.7854,0,0.0013093520357041054,-0.007022888191503993,0.6942676816242824,0.5513323038756137,0.20587934817052478,-57.24280794613394,-0.009367099417070729,-0.01654701717827925,0.8547623955228812,0.6808404893366268,0.20347397954944157,-77.12851087334103
0.5150_0.8000_-0.7854_9_0.dat,0.5150,0.8000,-0.7854,0,0.014998032408974744,-0.013456284557409659,1.0137248530616483,0.19079243904981313,0.8117907058571342,-45.00076807244773,0.008882210158215642,-0.017342407303179014,1.030989506131861,0.6844725866138325,0.33610130603376853,-48.791092453808346
0.7525_0.8000_1.5708_10_1.dat,0.7525,0.8000,1.5708,1,0.002116232464929843,0.0036673346693385923,0.767073399447704,0.1633425374551941,0.787057486841805,89.18486440836786,0.006893096700727495,0.01642243607991036,0.9988841805343698,0.4898516052157948,0.5096011982552967,-89.42405455001892
0.2775_0.2000_1.5708_10_1.dat,0.2775,0.2000,1.5708,1,-0.008336673346693404,0.015651302605210336,1.1534855598984668,0.9657721820883312,0.16273578476930284,-80.53262582728206,-0.002236679405431893,0.012701524513014349,1.2566948131575069,1.0542104326332467,0.16112454543797183,-78.55216425990282
0.7525_0.6500_0.0000_10_0.dat,0.7525,0.6500,0.0000,0,0.022144288577154222,0.0008206412825651266,0.8525470732869124,0.2911063336075068,0.6585451493192339,-1.0817857238272381,0.044272752775811205,0.006152027831617279,0.9789722360102711,0.617026199311333,0.3697204306569739,18.90021713827747
0.2775_0.5000_0.0000_10_0.dat,0.2775,0.5000,0.0000,0,0.02765531062124241,-0.001142284569138316,1.2336171424687723,0.5418550189139173,0.5607591689026534,-5.669138755540359,0.036295800471837704,0.005132474496083622,1.283432657518309,0.8124730442132213,0.36695311635263506,-13.734465436299189
0.7525_0.2000_-1.5708_10_1.dat,0.7525,0.2000,-1.5708,1,0.007919839679358727,-0.020160320641282484,0.8706027142745896,0.7459145034254203,0.1432205629557024,61.51229739140876,0.00483954113180465,-0.023974253181629653,0.9744672536112641,0.7869601769627267,0.19242009000677818,59.36643183088166
0.5150_0.6500_1.5708_9_0.dat,0.5150,0.6500,1.5708,0,0.0011783567134268575,0.020360721442885688,0.9205554162962297,0.3323542315026323,0.6389633631836864,88.63166403229147,0.0008534691123400878,0.029067709903295304,1.0764901873737838,0.6068285460892302,0.4362897560918273,-81.0040020927105
0.7525_0.5000_-1.5708_10_1.dat,0.7525,0.5000,-1.5708,1,0.0034068136272544696,-0.030921843687374658,0.8757696851231552,0.4610758357325056,0.47351930129019393,87.11791769401299,0.004032872428246999,0.00022537366362545218,0.9953208578107641,0.6564609898774223,0.3404528954398419,84.72757747904214
0.7525_0.5000_1.5708_9_1.dat,0.7525,0.5000,1.5708,1,0.006853707414829697,0.000280561122244416,0.8223203111430617,0.4287080011512074,0.4786605713833284,88.46199765750784,0.007738878045155732,0.0012354157708735136,0.990452367437537,0.6416561554335154,0.3521584918883224,86.3390111792741
0.7525_0.3500_0.7854_10_0.dat,0.7525,0.3500,0.7854,0,-0.006211628407477452,0.0026123273569486254,0.8953940383103796,0.60598259853382,0.3232224332459068,44.060541300872416,0.0077747986759848006,-0.0031351042201683103,0.9093138369392404,0.8191119885501724,0.09919770790323423,38.967960410898655
0.2775_0.3500_0.0000_10_0.dat,0.2775,0.3500,0.0000,0,-0.008897795591182448,0.00789378757515028,1.1782699835386885,0.7129545071374653,0.39491413929067853,3.1329862599263834,-0.004441165456449337,0.022602138857356936,1.2343558360945601,0.8314820156806807,0.3263838583925296,1.9548794172960982
0.0400_0.3500_1.5708_9_1.dat,0.0400,0.3500,1.5708,1,0.010459919839679387,-0.010220440881763609,1.294417826596011,0.8369728861112588,0.3533982081255137,-83.30670668735682,0.0011542959176434908,0.006931182993648766,1.3819951017740235,0.963696878875313,0.30267706619347223,-79.23481729368095
0.2775_0.8000_-1.5708_10_1.dat,0.2775,0.8000,-1.5708,1,-0.003142284569138258,-0.010661322645290502,1.0995819439963568,0.22173541883231412,0.7983457076182684,89.4710838618142,-0.012031356697693734,-0.009986526284244705,1.1404363173287302,0.5357509129042103,0.5302228587746909,87.21123989771095
0.9900_0.6500_-0.7854_9_0.dat,0.9900,0.6500,-0.7854,0,-0.0054620101965602765,0.010947401679472349,0.727669455593036,0.25274632914257,0.6526632701154307,-47.141007503271084,-0.0008516172339313743,0.004671840511285138,0.8422584335201213,0.7167269236252303,0.14904155886008363,-25.74387924370609
0.7525_0.2000_0.7854_9_0.dat,0.7525,0.2000,0.7854,0,-0.001567254709403525,-0.004129276874504243,0.8462835324795186,0.6871245560223219,0.18806814778834013,45.909922085394236,-0.0035269178888342745,0.0010643366327032122,1.012215212259935,0.8618489754620625,0.148551646899433,31.458033702997056
0.5150_0.3500_0.0000_10_0.dat,0.5150,0.3500,0.0000,0,0.016232464929859636,0.006565130260521011,1.096655438545326,0.6208580784022102,0.4338622172651092,-2.0901938667230695,0.008802904283399688,-0.00040019145990879414,1.177565217010134,0.7501770631382846,0.3629422368274414,-2.596344096799214
0.7525_0.6500_0.7854_10_0.dat,0.7525,0.6500,0.7854,0,-0.026950829401577097,-0.030382918828498577,0.9595619662403059,0.29174730645486624,0.6959578258421686,43.46393380312276,-0.013466933534344645,-0.03287217161796102,1.0529253611501428,0.6419240123357287,0.39034233952296926,38.44635204608582
0.2775_0.6500_0.7854_10_0.dat,0.2775,0.6500,0.7854,0,0.0040449625388716895,-0.0005873662541119334,1.2688102300907078,0.4199287048432757,0.6690374219214368,44.87365768168442,0.006277798823690784,0.0029454892014147637,1.3236112622386047,0.6887406206828478,0.47965037746959727,44.76135578108651
0.9900_0.8000_-0.7854_10_0.dat,0.9900,0.8000,-0.7854,0,-0.001870502908148825,0.0015587524234573812,0.7648393838529391,0.15577006779227687,0.7963362359720902,-43.41988740873987,0.008712745496563595,0.0007938611882363777,0.9390019834325033,0.45791958040667674,0.5123337453103552,-45.18442769514385
0.2775_0.6500_1.5708_9_0.dat,0.2775,0.6500,1.5708,0,0.0033527054108216524,-0.004689378757515109,1.114151782465431,0.4367835771477826,0.6079676180374152,89.19326238880585,0.010893565418024052,-0.01415737107960659,1.1779875373102158,0.5684390214996967,0.5174490361777047,83.65644070627059
0.9900_0.2000_1.5708_10_0.dat,0.9900,0.2000,1.5708,0,-0.008240480961923867,-0.004589178356713502,0.6802945341941558,0.6133656552157666,0.09838220890260407,78.81177372935426,0.015156291001189853,0.009813762505841254,0.9174992105580912,0.7080049583781048,0.22833180646831996,49.029170711970046
0.9900_0.2000_1.5708_9_1.dat,0.9900,0.2000,1.5708,1,0.01575951903807614,0.012605210420841608,0.7213697981002382,0.5983346553823286,0.17055765717102178,-57.29447358809571,0.01094267603677517,-0.003918663731440733,0.906158242131263,0.7363809456787628,0.1873594352054757,-53.9838644325888
0.2775_0.2000_-1.5708_10_1.dat,0.2775,0.2000,-1.5708,1,0.002853707414829676,0.018096192384769626,1.2471306677766376,0.8687544220920782,0.30339743497697946,-86.28832635596066,0.0059786476482786574,0.024673332669604208,1.3182570742428756,0.9613149926611086,0.2707681897226094,88.8873247130097
0.2775_0.5000_-0.7854_9_0.dat,0.2775,0.5000,-0.7854,0,-0.022013835362190495,0.007205687339345906,1.1607999321966394,0.6015590287023707,0.4817719987595015,-48.5720848056155,-0.04063359965218961,-0.00723104602561916,1.1796022925080405,0.9347244682336906,0.20759354727405355,-45.988982501480535
0.7525_0.8000_0.0000_10_1.dat,0.7525,0.8000,0.0000,1,-0.004709418837675427,-0.003170340681362708,0.8546712788963712,0.16351310165665672,0.8086830507890711,0.18944607224310062,-0.003306348021062531,-0.0060418511782079545,0.9714686397208825,0.627175554644713,0.35440473423320185,-11.64256031158277
0.7525_0.2000_0.0000_9_0.dat,0.7525,0.2000,0.0000,0,-0.013126252505010101,-0.0010420841683366495,0.9322267520311709,0.693789447501819,0.2557717894383911,5.536042884593144,-0.00892390397879944,0.000274717433251927,1.0975992170508018,0.8274861371138017,0.2460944539144091,10.203024272724349
0.0400_0.8000_0.7854_10_0.dat,0.0400,0.8000,0.7854,0,8.785695477661726e-05,-0.00887355243244526,1.2176059499992842,0.2782037070223801,0.7715158118087846,46.660323200030206,-0.0020066236618934163,-0.02186453670953178,1.2579940597540644,0.6684121665082438,0.46866826490506863,45.36217428495526
0.0400_0.5000_-0.7854_9_1.dat,0.0400,0.5000,-0.7854,1,-0.015325370417900915,0.011060056968258555,1.3530443032164954,0.6764961713750646,0.5000192013174449,-42.472912420190625,-0.020007805226716916,0.0007844029107639811,1.4129449674717778,0.7899495076616778,0.4409198335055068,-42.371657882032224
0.9900_0.8000_0.7854_10_0.dat,0.9900,0.8000,0.7854,0,-0.00915696196398297,-0.007280790865203408,0.6978373831995971,0.1597472551392579,0.7710824054641301,46.709229492748634,-0.007686093648781814,-0.0025361396858686624,0.9222055267290286,0.3367278510206149,0.6348668043500507,41.859895848469364
0.2775_0.2000_1.5708_9_0.dat,0.2775,0.2000,1.5708,0,0.010837675350701381,-0.017474949899799672,1.1774144133991697,0.9260217528139877,0.21351247082105695,-80.94578409467556,0.008224074622976368,-0.020682823724379355,1.2757464844843474,1.0218187834755779,0.1990424462046676,-85.34485839762043
0.7525_0.2000_1.5708_10_1.dat,0.7525,0.2000,1.5708,1,0.006476953907815612,0.009879759519037995,0.8873998546410773,0.6870469602560654,0.22577521659167699,77.10426979758749,0.0025278848471045738,0.0006080934557219086,1.0264600342320471,0.8471341205983953,0.17470325940923326,75.59973999579601
0.2775_0.5000_-1.5708_10_0.dat,0.2775,0.5000,-1.5708,0,-0.002815631262525094,0.04008016032064136,1.1526418974652257,0.6162701207195026,0.46534121128622696,-87.80354773513653,-0.000573156087082799,0.04749572312059585,1.2510311494074469,0.8061966787479614,0.35557425638057216,87.76554710711552
0.9900_0.2000_0.0000_10_1.dat,0.9900,0.2000,0.0000,1,-0.011382765531062202,-0.004505010020040062,0.7567097027627552,0.5983009941637542,0.20933880987735343,-3.038419535382218,-0.0054099396486650495,0.012063187214502426,0.905236292764847,0.6463778944202413,0.2859567169517465,18.001216564563094
0.9900_0.6500_0.7854_9_0.dat,0.9900,0.6500,0.7854,0,0.006399387222121088,-0.005067362423894039,0.8794464117463193,0.2884354525429621,0.6720261192831352,44.42170470450597,0.011380384769399397,-0.019009460411858508,0.9389544567684885,0.5785514788001194,0.38383435465947335,43.466971779297154
0.0400_0.3500_1.5708_10_0.dat,0.0400,0.3500,1.5708,0,-0.0014198396793586921,-0.0003807615230461714,1.2543681273640384,0.8280479208162592,0.33986849414267206,86.19712067421746,-0.008464824869217845,0.012691798012239878,1.3517296837386314,0.972984020128312,0.2801933464705605,79.90520777863246
0.7525_0.5000_-0.7854_10_1.dat,0.7525,0.5000,-0.7854,1,0.0022531057757245875,0.0002692390549608426,0.906640126141017,0.4385168004087558,0.5163276058878628,-46.27889376179303,-0.004712437797718838,0.004514612258904176,1.00050575648814,0.6781954964307932,0.3221473319540741,-39.964878897805136
0.5150_0.8000_-1.5708_9_1.dat,0.5150,0.8000,-1.5708,1,-0.0016232464929859553,0.01559118236472954,0.9933952051184044,0.1966208535456086,0.8020718717661084,86.8802645815269,0.005908792712044926,0.02074687427155844,1.1178982735452199,0.4923246454770033,0.5595979910446759,83.89839151234003
0.2775_0.2000_-1.5708_9_0.dat,0.2775,0.2000,-1.5708,0,0.018164328657314648,0.0063927855711423676,1.20791466732885,0.9512491598249377,0.2124864565735387,-77.4987804523935,0.013899881912161098,0.02008463838444692,1.3390511468543342,1.0299056992680378,0.23086903611750254,-82.10533989953483
0.9900_0.5000_-1.5708_9_1.dat,0.9900,0.5000,-1.5708,1,0.0009018036072143876,0.013106212424849772,0.8008663306081469,0.39108146769117097,0.5116769768630443,89.7308649752551,-0.01049460379962298,0.025427733342397216,0.9062546829521387,0.5993924517921326,0.33860485019552955,-83.43212346696689
0.5150_0.2000_0.7854_9_1.dat,0.5150,0.2000,0.7854,1,0.0012866792731810594,-0.016874203507754367,0.9832806199812603,0.8457759185450044,0.13984278612028012,49.33951193922078,0.010513523916498997,-0.02554565997641299,1.0157161188127597,0.9309863998817087,0.08341870071933977,52.28247226235874
0.5150_0.8000_-1.5708_10_0.dat,0.5150,0.8000,-1.5708,0,-0.003971943887775531,0.015450901803607284,1.0356539736658965,0.2006569043227072,0.806251016821339,88.83712622937412,-0.013313100017142985,0.000769979513468435,1.1432443731759336,0.5291697724952553,0.5371332805905518,-86.24098537441618
0.5150_0.6500_-1.5708_10_1.dat,0.5150,0.6500,-1.5708,1,-0.0035280561122244536,-0.00553106212424842,1.0067460287471115,0.41478817989383604,0.5879912430247805,88.97704503029247,-0.001503972125428832,0.013329055409085171,1.0759147456658584,0.6469641975521464,0.3986845145878585,89.93698134383617
0.2775_0.6500_-0.7854_10_1.dat,0.2775,0.6500,-0.7854,1,-0.013279153600198728,0.006871264092131453,1.1430978556900238,0.36564417549876643,0.680128718920527,-43.692857126803034,-0.005361576544086888,0.024580203560172653,1.2085920977447369,0.6468651167117102,0.46477796940855665,-41.880440723510134
0.0400_0.6500_-1.5708_9_0.dat,0.0400,0.6500,-1.5708,0,0.007995991983967925,0.01408817635270549,1.2957267224902949,0.4365959423207246,0.6630493646981224,89.41443994153369,0.004688113117014297,0.007154194484774283,1.411882878003368,0.5674894029952208,0.5980619838681357,87.240308201211
0.2775_0.3500_-0.7854_10_0.dat,0.2775,0.3500,-0.7854,0,0.0005788639681656643,0.008429307991759909,1.2809376763182792,0.7037304358410141,0.450613055692371,-47.4094225453029,0.005433809566533902,0.002973222740810768,1.3407100059068127,0.8834427937882664,0.34106347390856206,-44.58339678539386
0.9900_0.3500_-1.5708_9_1.dat,0.9900,0.3500,-1.5708,1,-0.013013026052104254,-0.006573146292585093,0.6790956754122537,0.48475203055966914,0.28618006547399344,84.56727292425398,-0.009090329563755207,-0.018979116040354044,0.9157828379128544,0.6893798307419199,0.24722346586765687,-61.14834084336594
0.7525_0.3500_-0.7854_10_0.dat,0.7525,0.3500,-0.7854,0,-0.016864284174150583,0.0026059506424891367,0.9306267903072645,0.5599167819661504,0.39834444075988507,-47.29291038759868,-0.013988076589486372,0.003406209887435382,1.05657566279318,0.87289172402125,0.1738483529767666,-41.7380099654184
0.9900_0.2000_-1.5708_10_0.dat,0.9900,0.2000,-1.5708,0,0.01149498997995994,-0.020340681362725363,0.7496681331959142,0.6241827842276568,0.1673878659258199,-73.89554338472827,0.008530500529958887,-0.006967170357838438,0.8693702190410557,0.7502225950347347,0.13705050092208682,-74.49816799322221
0.7525_0.8000_-0.7854_10_1.dat,0.7525,0.8000,-0.7854,1,0.014456720203737745,-0.009746453789581243,0.8201399136497701,0.16365366640308796,0.8004564054506265,-44.80937593519792,0.021546662083820688,0.00540412484092837,0.9125208810066457,0.5589774594081726,0.38743597977556676,-44.71439239352176
0.9900_0.6500_1.5708_10_1.dat,0.9900,0.6500,1.5708,1,-0.001942885771543078,-0.00945891783567142,0.7502100579201012,0.2604974664847613,0.6527672966595913,-88.52913445682381,-0.0065525738487493814,-0.020357221856678917,0.8008131457592179,0.4709262108170115,0.4119399596387172,-81.65545630468803
0.5150_0.2000_0.0000_9_1.dat,0.5150,0.2000,0.0000,1,-0.012104208416833745,0.000448897795591201,0.990663726667546,0.7913718635059678,0.2011700416567871,15.32879828633952,-0.007322192184519556,-0.00010465036476693612,1.0627958604298395,0.9523955190734172,0.10387727828726367,17.641143931066125
0.0400_0.6500_-1.5708_9_1.dat,0.0400,0.6500,-1.5708,1,-0.01113827655310621,-0.02292585170340674,1.27305090656646,0.4311109648694747,0.6613560678164692,89.82531653361868,-0.014623756421765903,-0.006021305098762152,1.3380658760107145,0.6437934157995021,0.5188626902892881,-89.07704724172562
0.5150_0.6500_0.0000_10_1.dat,0.5150,0.6500,0.0000,1,0.012685370741482882,-0.007217434869739482,0.9765531648472086,0.373541860362548,0.6174894784955284,1.550917819251083,0.017437642544354825,-0.0014713642685471873,1.0560920349269753,0.606619961519834,0.42559934034368563,13.464980467553374
0.2775_0.5000_-1.5708_10_1.dat,0.2775,0.5000,-1.5708,1,-0.006593186372745532,0.02913827655310629,1.1323504220522171,0.5796936003522403,0.4880616555945362,-86.18357611443518,-0.005915014300847951,0.030179667780352498,1.1923956887275142,0.74280590734926,0.377047473106886,88.93948298216645
0.2775_0.3500_1.5708_9_0.dat,0.2775,0.3500,1.5708,0,-0.0017064128256512757,0.014028056112224366,1.2134889409515786,0.7631640716377611,0.37109927755970096,-89.62452790259243,-0.006610055899540861,0.03687986107717399,1.3305093224558244,0.9417263093757955,0.2922061548298075,89.83794233641586
0.7525_0.8000_0.0000_9_0.dat,0.7525,0.8000,0.0000,0,0.006553106212424773,-0.0015230460921843503,0.8501961269085114,0.18519734058213888,0.782171037104633,1.0393486869948845,0.015014401078769104,0.014581944749253384,1.0206012489777834,0.5127480165985666,0.49760200948987066,5.161165575776209
0.5150_0.8000_0.0000_10_1.dat,0.5150,0.8000,0.0000,1,0.00048096192384761816,-0.003603206412825634,0.9433594447169199,0.19350471283788098,0.7948770069335054,-0.13664801117036518,-0.007649535647302743,-0.008859067087762679,1.029669799263893,0.5644908389698639,0.4517748899953984,-0.5746415604718891
0.5150_0.5000_1.5708_10_0.dat,0.5150,0.5000,1.5708,0,-0.009108216432865688,0.008697394789579078,1.077100101669232,0.5085909003638036,0.5278146389777361,-86.34834422994835,0.0009433800209229792,0.0081891627474369,1.1890390103320059,0.7099758512051733,0.4028994464976112,87.21272873737769
0.5150_0.3500_-1.5708_9_0.dat,0.5150,0.3500,-1.5708,0,0.005444889779559091,0.008637274549098278,1.0917472277892921,0.6310769677109765,0.4219568855797683,86.33139101953425,0.008269473977107616,-0.0025207002844987248,1.174387199084535,0.8156776289539557,0.3054440395895005,81.81659413662143
0.0400_0.5000_-1.5708_10_0.dat,0.0400,0.5000,-1.5708,0,0.004498997995991945,-0.03905811623246484,1.3075554048887659,0.6487901904896384,0.5038143790588888,87.94446714440444,0.008911418325978741,-0.025958135826891198,1.3698249370074025,0.8278499621425113,0.3956527292085371,82.40643742812108
0.7525_0.8000_-1.5708_9_1.dat,0.7525,0.8000,-1.5708,1,0.0036753507014028203,0.027575150300601283,0.8447031037062681,0.15752567765413053,0.8135135564638489,-89.69217848155444,0.011468063272533212,0.014275895816848292,0.9715887270305696,0.5143625331408843,0.4705964377407802,-83.5813205600389
0.5150_0.8000_0.0000_10_0.dat,0.5150,0.8000,0.0000,0,0.0063927855711422,-0.0017314629258516887,1.1292854497106528,0.21568497571635903,0.809007566889645,-0.8027580233806475,0.004364565071236764,0.00442256699661137,1.2280322210745243,0.5892582507071749,0.520160594653147,-10.831347030654939
0.2775_0.6500_0.7854_10_1.dat,0.2775,0.6500,0.7854,1,-0.0041795820663522,-0.019286727144969,1.3217204355616625,0.3976516637221243,0.6991408674458884,46.68226721020924,0.013062182769062814,-0.022332794957714626,1.4222173626474464,0.5406593968438408,0.6198475626556776,43.12133761730536
0.5150_0.2000_1.5708_10_0.dat,0.5150,0.2000,1.5708,0,-0.021899799599198414,-0.006172344689378832,0.9986112803664822,0.7967472667792934,0.20214473595081595,86.06579693695325,-0.027965148110512573,-0.018743950804245176,1.147355894324411,0.9433388347246983,0.177814974942751,74.88272789842618
