file,kpc,ell_t,theta_t,Nf,x0,y0,width,height,ell,theta,x1,y1,width_o,height_o,ell_o,theta_o
0.0400_0.5000_-1.5708_14_1.dat,0.0400,0.5000,-1.5708,1,0.0067835671342684955,0.03761523046092192,1.31059564732619,0.662966056750609,0.49414904734106324,87.8949727943509,0.007857157688931204,0.038116731611162656,1.3696114951651392,0.8828517008993634,0.3553999042678051,-89.3773366572759
0.0400_0.3500_-1.5708_18_0.dat,0.0400,0.3500,-1.5708,0,-0.0023577154308617554,0.0008016032064128997,1.2310509565134455,0.8848971782352948,0.28118558086215995,-87.69861794779113,-0.00979091378330394,-0.004160509862497664,1.377642421848334,1.0641549336233445,0.22755359682115084,87.1584178479831
0.7525_0.6500_0.7854_12_0.dat,0.7525,0.6500,0.7854,0,0.003919553821166259,0.0007850444023593562,0.9296210976692145,0.31119642504434514,0.6652438011308155,45.036497241806565,0.009719197568444655,-0.017755562588673206,0.9713270947455921,0.7750748067148416,0.2020455200852319,40.52450822681308
0.7525_0.6500_-1.5708_17_0.dat,0.7525,0.6500,-1.5708,0,0.0073507014028056025,-0.01070140280561115,0.852340173033121,0.3004725087339615,0.64747348741676,-89.10289238934389,0.006166778760760632,0.0021541914188392152,1.1285015116079733,0.744875723964781,0.3399426440258584,-83.47316694651131
0.9900_0.3500_1.5708_10_0.dat,0.9900,0.3500,1.5708,0,0.0025010020040080495,0.003466933867735393,0.748399937016119,0.467931006395533,0.37475808955679435,-88.42328393612422,0.021289190385436054,0.0038600839293711888,0.9142034799580196,0.7194135046897762,0.2130706998371832,-71.71193527582129
0.2775_0.2000_-1.5708_13_1.dat,0.2775,0.2000,-1.5708,1,-0.006412825651302581,0.023146292585170414,1.168394231643791,0.9035404831704421,0.22668183503502182,-89.93090035915696,0.0049333718576443615,0.029623998777830743,1.3071199925357904,1.0041935007425338,0.23175109670351257,85.8800558402086
0.7525_0.6500_-0.7854_12_1.dat,0.7525,0.6500,-0.7854,1,0.005600172343184784,-0.010639193813924988,0.9885697503638406,0.3294785283502642,0.6667119055291744,-46.11093170080122,0.005075818883034183,-0.01803618598176772,1.1112920168114577,0.6042735967121761,0.45624229494064894,-47.82873421731415
0.0400_0.8000_-1.5708_18_0.dat,0.0400,0.8000,-1.5708,0,-0.002140280561122229,0.01256513026052113,1.4426969697301988,0.2609355094236584,0.81913352914822,89.54145176752988,3.0913931098119626e-05,0.01621902933400154,1.549614802741935,0.6449609389267021,0.5837927349522676,86.47771625334897
0.9900_0.3500_1.5708_12_1.dat,0.9900,0.3500,1.5708,1,0.012075150300601236,-0.030881763527054188,0.8254077417211378,0.5010553426527148,0.3929602094500403,89.14710045880103,-0.005390880035011385,-0.02313266429460273,0.9406736818145701,0.7956916222396268,0.15412577430174446,-84.99037486067724
0.7525_0.6500_0.0000_12_0.dat,0.7525,0.6500,0.0000,0,0.03242484969939871,0.0012134268537074082,0.8409790414414019,0.34707152969194893,0.5873006191722885,1.2717453738212612,0.038710733207802855,0.013753586703235043,1.0590936747157795,0.5875034433571917,0.4452771672771483,-9.326688041937842
0.5150_0.3500_0.7854_19_1.dat,0.5150,0.3500,0.7854,1,0.007598209540525543,0.0022927831101398756,0.9131466052536411,0.6413947135578795,0.29759941079809216,49.49465059947472,0.005836538858704585,-0.004122980784416763,1.0777244594161677,0.9857870488018834,0.08530697230727158,53.54298687870066
0.2775_0.5000_0.7854_12_1.dat,0.2775,0.5000,0.7854,1,-0.0019200995761679085,0.011130909351142861,1.245172054551192,0.5316334068209697,0.5730442191680964,44.54721458131249,-0.00828590560545059,0.006056520011464326,1.332409625460091,0.6825739629183187,0.48771462628647644,46.81094547338763
0.7525_0.2000_0.0000_16_0.dat,0.7525,0.2000,0.0000,0,-0.021122244488978037,0.010949899799599214,0.918323263885346,0.7289109489928159,0.20625886584985664,6.673815242977128,-0.011174427190772102,0.00759437374962701,1.0962657290839581,0.9639381072951624,0.12070761520509177,-13.407636992334716
0.7525_0.5000_1.5708_13_1.dat,0.7525,0.5000,1.5708,1,-0.009368737474949856,-0.002344689378757603,0.7770658247743691,0.4275033398045995,0.44984925835757805,-87.7889113063267,0.007035958030825546,-0.006521177736778865,0.9276708119257258,0.7385671886002843,0.20384776678796934,89.66935048169945
0.2775_0.5000_1.5708_15_0.dat,0.2775,0.5000,1.5708,0,-0.012134268537074106,-0.02903807615230469,1.1888200448648854,0.579193708319824,0.5127995100506133,-89.21534307367811,-0.01475866845366274,-0.010685191542120132,1.303908782533099,0.8820956804594048,0.32349893468332913,-81.71470939293329
0.0400_0.6500_-1.5708_16_0.dat,0.0400,0.6500,-1.5708,0,-0.0014238476953907853,0.009719438877755589,1.3082051520606366,0.44310396296296145,0.6612886271965828,88.47141069606002,-0.006282551261520473,0.017510859591240165,1.3658077129641268,0.8671388445107696,0.36510913192247796,-84.0862683473913
0.0400_0.5000_0.0000_17_0.dat,0.0400,0.5000,0.0000,0,0.003887775551102124,-0.004729458917835708,1.3243332853860397,0.658872691590426,0.5024872523698849,2.3686338435394703,0.0035543151967475906,-0.00044884073891075517,1.4542912742913123,0.9777193523529757,0.3277004616359085,2.4705358832346747
0.7525_0.8000_1.5708_15_1.dat,0.7525,0.8000,1.5708,1,-0.0022084168336673534,-0.021763527054108292,0.9111771943699905,0.1779918244336517,0.8046572878102821,89.46002471910172,0.010739005642418578,-0.002308283521628548,1.0627239406738758,0.6643304811209819,0.37487953767209914,-85.30922058897758
0.7525_0.3500_-0.7854_17_1.dat,0.7525,0.3500,-0.7854,1,-0.003567417478230807,0.004027957966979514,0.8731606972176513,0.5942659993603224,0.3194082128822723,-53.21617156777664,-0.0028373711632820498,-0.003002611005099649,1.061436271148953,0.884367051721278,0.16682039632582568,-80.22248481010911
0.7525_0.5000_0.0000_14_1.dat,0.7525,0.5000,0.0000,1,-0.015571142284569213,-0.001402805611222483,0.9170772582564697,0.45364229549878754,0.5053390634053625,-3.267828548755972,-0.017491066205306605,0.009237163633815545,1.0630813883969035,0.7499627053916655,0.29453876854848526,-7.489947402812589
0.0400_0.5000_0.0000_13_1.dat,0.0400,0.5000,0.0000,1,-0.031182364729459,0.01446893787575146,1.2745872071523037,0.6137627786103538,0.5184615260797815,-5.327388010476,-0.022895338355062505,0.01054447668278537,1.3462962279935935,0.792355261021588,0.4114554846503228,-10.82994069988581
0.0400_0.2000_-1.5708_19_1.dat,0.0400,0.2000,-1.5708,1,0.009971943887775557,0.004769539078156388,1.2533699339589641,1.0531929825994273,0.15971098870007738,-85.72449403174349,-0.00921855438481747,0.0047274420075507015,1.309319818972506,1.2299406382719096,0.060626272932223335,-68.55744900471879
0.5150_0.2000_-1.5708_15_0.dat,0.5150,0.2000,-1.5708,0,0.018372745490981984,0.020200400801603284,1.1118775101243608,0.8342985690216047,0.24964884942380883,-82.64412248897095,0.02343173377336042,0.006359229552214952,1.1870766091939637,1.0253552303150109,0.13623499749419143,82.97036355403473
0.5150_0.6500_-0.7854_17_0.dat,0.5150,0.6500,-0.7854,0,-0.004071886444367886,0.021123220909333256,1.0066300595347757,0.3476538455759244,0.6546359387115896,-46.65393385754973,-0.016472944112599353,0.030994512299898355,1.1632516987425534,0.6117365634759208,0.474115048241758,-49.847529492229086
0.9900_0.8000_-0.7854_11_1.dat,0.9900,0.8000,-0.7854,1,-0.0013461952748040939,-0.0005243076333446684,0.812601075281944,0.1535643944574721,0.811021177391144,-46.7563352343966,-0.017601417174492005,0.005255285540132611,0.9279978580260914,0.6060575670054071,0.3469192177937469,-53.553615011213154
0.0400_0.6500_-0.7854_18_1.dat,0.0400,0.6500,-0.7854,1,-0.011471709312817087,0.005589544485752241,1.195625258803379,0.43978451615636527,0.6321719427402228,-44.9213698791595,-0.026681048720525596,0.016842370101195676,1.4259872050219886,0.674139238266999,0.5272473442308314,-39.78094731400671
0.5150_0.8000_-0.7854_16_1.dat,0.5150,0.8000,-0.7854,1,-0.0032932187564680498,0.005209067189662888,0.9365823848142214,0.20495608941743568,0.7811659788390208,-45.56428657432983,0.012473110739060362,0.0015970316116654254,1.0862261854077215,0.6621892345872057,0.39037629226490345,-46.421734225509965
0.9900_0.3500_0.7854_15_0.dat,0.9900,0.3500,0.7854,0,0.023159518393431507,0.02649383153197244,0.7679179380494275,0.4827878555025951,0.3713028025769074,48.703177341491454,0.005255563370348485,0.04092050504849883,0.9686127440282646,0.8332732080055761,0.1397251242636337,50.72156102109344
0.5150_0.5000_0.0000_12_0.dat,0.5150,0.5000,0.0000,0,-0.01805611222444898,-0.001643286573146333,0.9353040817477482,0.4761745087978449,0.4908880244507804,-2.3325282181994,0.002254847554546624,0.001270509195061904,1.104697022751615,0.7436759065296376,0.326805548296613,-5.4393177413786304
0.5150_0.8000_0.7854_18_1.dat,0.5150,0.8000,0.7854,1,0.013408104937048249,0.008357747085046557,1.0021340316135545,0.19717961484760324,0.8032402766223589,44.68476920601441,0.025652003938461777,0.0017175691120483382,1.1776647260276967,0.7196819447758982,0.3888906334119304,44.10307159728177
0.5150_0.6500_0.7854_18_1.dat,0.5150,0.6500,0.7854,1,0.027735165280107565,0.022031548457911457,1.0218735355954307,0.31855164511860495,0.6882670565169402,45.60067766413473,0.021994160233593404,0.01048738392434025,1.2243816516879962,0.6647626342727394,0.45706256431051295,44.01939648878363
0.0400_0.8000_0.7854_19_0.dat,0.0400,0.8000,0.7854,0,0.023520157022313186,0.017489202191191072,1.208984858522126,0.24314621026372588,0.7988839905232974,44.73677275151809,0.02550315187978863,-0.007077143612429262,1.3756689675707083,0.7957134263777542,0.42158073989056877,47.82652334776139
0.5150_0.2000_-0.7854_15_0.dat,0.5150,0.2000,-0.7854,0,0.031441453428791774,-0.0005838236349675791,1.0112713538488398,0.7950634328087738,0.2137981267017911,-35.22284423463748,0.04113017273038158,-0.0023062226813015474,1.2288662437988285,1.0012062620707458,0.18526018016762424,-57.84460174454102
0.5150_0.2000_-1.5708_15_1.dat,0.5150,0.2000,-1.5708,1,0.0022124248496994204,-0.02801603206412817,1.0815122482777593,0.6830320565607395,0.3684472296560437,-78.29034362349634,-0.0002871413250217636,-0.020079413866359853,1.1679744554563514,0.8397324716048132,0.28103524209635844,-66.97662998378925
0.5150_0.2000_1.5708_14_0.dat,0.5150,0.2000,1.5708,0,-0.0037194388777555265,-0.005350701402805687,1.0458357453673504,0.8332093948331448,0.20330759536194698,-82.23140386014767,-0.012923252074640536,-0.010106925833424395,1.1713567076881477,1.0353991974026808,0.11606840972789567,-79.96454020041003
0.5150_0.6500_0.0000_17_1.dat,0.5150,0.6500,0.0000,1,0.0014829659318636446,0.002083166332665327,0.9822065604107891,0.3829743400441674,0.6100877804318516,0.4154324054191534,-0.004257382201766915,-0.012362987911192636,1.1985045343184353,0.7747936685473326,0.3535329684939893,-1.096235995061761
0.9900_0.5000_-1.5708_17_1.dat,0.9900,0.5000,-1.5708,1,-0.0018336673346693777,-0.01348697394789571,0.8005498088456396,0.387509299785116,0.5159460467002188,-86.79178429949995,0.007731324454049655,0.0024420052443683516,1.1088357084622575,0.8139194035698922,0.26596934301597996,66.49354473011752
0.2775_0.6500_0.7854_14_0.dat,0.2775,0.6500,0.7854,0,0.02958157837807564,0.03024617372953153,1.1346624777565757,0.3751336208420924,0.6693874802454061,45.09757080617363,0.030585061500031173,0.02144427317512541,1.244706684415126,0.6242606078763291,0.498467698701512,47.954159517983626
0.7525_0.2000_-1.5708_13_0.dat,0.7525,0.2000,-1.5708,0,0.007535070140280587,0.0004208416833668072,0.839811033481981,0.7382669075221192,0.12091306485798936,-84.57633602996037,0.004300105106099036,0.0008782130304632052,1.0241542914116646,0.8716178537617946,0.1489389234893682,-72.52499960623638
0.0400_0.2000_0.0000_11_0.dat,0.0400,0.2000,0.0000,0,-0.00054108216432874,0.0028697394789579376,1.3113531562594716,1.0338261117442729,0.21163409962486546,3.6719848568427267,-0.021046694297815728,0.014895340615341321,1.3870347800427065,1.075203070470088,0.22481895483761216,-12.384018994969324
0.5150_0.6500_1.5708_14_0.dat,0.5150,0.6500,1.5708,0,-0.0008276553106212378,0.0006613226452905074,0.973446902675131,0.3504792545310221,0.6399605838100985,-89.31221321482609,-0.0063495959830644315,-0.008829171754673125,1.1001787808987689,0.7258416122758606,0.3402512165496421,-81.13696315331565
0.0400_0.6500_0.0000_11_1.dat,0.0400,0.6500,0.0000,1,0.0018837675350700583,-0.0030861723446893824,1.2265238276197157,0.43846265078252356,0.64251599446426,0.6191480048105404,0.006732904383747455,0.003357331354309873,1.2934117181681914,0.737267562744485,0.4299823077305591,-4.871565982615465
0.9900_0.6500_0.7854_18_0.dat,0.9900,0.6500,0.7854,0,-0.012102295520488447,-0.01108060415929506,0.7881276656528305,0.27665222538549744,0.6489753659943687,44.102167737653104,-0.00326529607308369,-0.003154073338354947,1.0823350907877167,0.8851026986025267,0.18222858508786366,54.73286830809754
0.5150_0.8000_-0.7854_13_0.dat,0.5150,0.8000,-0.7854,0,-0.013708519040478328,0.01463243411329123,0.9458648619629746,0.2016490823366165,0.7868098388620446,-46.11766850679524,-0.010799474810443183,0.02574127910023475,1.1104601412448152,0.4588855324938401,0.5867609151829314,-49.05961225443929
0.9900_0.5000_0.0000_11_1.dat,0.9900,0.5000,0.0000,1,-0.004869739478957997,0.005330661322645253,0.771569577186778,0.4098848347198489,0.46876490877941157,-9.63714707558978,-0.012640696200911914,0.011754451958187775,0.9124712377750144,0.63188245046666,0.3075042540437186,-7.549574413213492
0.0400_0.5000_1.5708_14_0.dat,0.0400,0.5000,1.5708,0,0.006152304609218479,-0.0012424849699399615,1.2386766790446588,0.6996301156606545,0.4351793914451907,89.69308813781194,0.011522431892447695,-0.006965840186161104,1.3682228874605074,0.9182227154706747,0.3288939076476467,-84.40160828855946
0.5150_0.2000_0.7854_10_0.dat,0.5150,0.2000,0.7854,0,0.017608234194436884,0.00509286928173232,1.0398260615018031,0.8479762519404054,0.1845018283964842,47.6406082588512,0.015936004780460544,-0.0028376630828129776,1.163832107560244,0.9951162585869101,0.14496579693699552,16.561512609166698
0.9900_0.3500_-0.7854_10_0.dat,0.9900,0.3500,-0.7854,0,-0.020285037219810554,0.000573904301363859,0.7616016368102931,0.49773713386552976,0.3464599998102279,-44.11838025671415,-0.010718145154822398,-0.004312937043080945,0.954367453063413,0.6396103595670958,0.3298070281902239,-45.34418199635624
0.7525_0.8000_0.0000_15_1.dat,0.7525,0.8000,0.0000,1,-0.014188376753507086,-0.0006653306613226269,0.8480220339331056,0.17685150446213915,0.7914541163017826,-1.2477301952871187,-0.0280499689091749,-0.003384633614672495,0.977001752632575,0.6958867831506301,0.28773230828344787,0.12208706287694326
0.0400_0.8000_0.7854_14_1.dat,0.0400,0.8000,0.7854,1,1.1336381261439487e-05,0.006620446656720493,1.3698953174851012,0.2483168063797815,0.8187330059382569,45.29019987494624,0.008153517324473504,-0.012083422872754792,1.4662096616484126,0.7058205874474672,0.5186086915742079,43.79538311311572
0.2775_0.8000_0.7854_19_0.dat,0.2775,0.8000,0.7854,0,-0.009406362351736147,-0.00037126648631443217,1.1882663171404644,0.24050091619222524,0.7976035231134169,44.53679424650343,-0.023981697699094657,0.003988167727281329,1.261239166191732,0.6833321948526802,0.45820569708758874,46.81579319877115
0.7525_0.8000_-1.5708_19_0.dat,0.7525,0.8000,-1.5708,0,0.0004569138276553253,0.009458917835671429,0.8375446173244854,0.16980000280046295,0.7972645286135506,-88.65064727414199,-0.007847500583338385,0.018479535943488924,1.0199015464463377,0.783822841058766,0.23147205356256706,86.8986458691399
0.0400_0.3500_0.0000_14_1.dat,0.0400,0.3500,0.0000,1,0.0282364729458917,-0.011684368737474976,1.2537557181828527,0.8012741421541566,0.360900907143623,3.392431085936039,0.029798582025290385,-0.010041568723753523,1.3251744818160958,0.8936044596809457,0.3256703385532308,4.557059654637214
0.7525_0.5000_0.0000_10_0.dat,0.7525,0.5000,0.0000,0,-0.003927855711422925,-0.0007214428857715804,0.9141520080349929,0.4642284128325119,0.49217590865397765,0.8274389114736778,-0.0023953914142223255,-0.01065363448007147,1.0067333647853411,0.716876056130159,0.2879186473739116,2.720414556818355
0.7525_0.2000_0.7854_18_0.dat,0.7525,0.2000,0.7854,0,-0.014212988006615435,-0.010812073628163086,0.8468064332990913,0.6997059838100487,0.17371201221978305,40.28211964245207,0.02868571565864265,0.004688205570659651,1.1817099161262297,0.8576271478844734,0.2742490046153916,45.12571936132703
0.9900_0.3500_-1.5708_12_1.dat,0.9900,0.3500,-1.5708,1,-0.007633266533066167,0.023907815631262604,0.7393899086594211,0.4907067136371448,0.33633566283472927,-89.59397891227306,-0.011840443879695028,0.03702325906516853,0.9613123122858106,0.7627476710554106,0.20655580781884764,-65.88853453403114
0.7525_0.3500_0.0000_16_1.dat,0.7525,0.3500,0.0000,1,0.007394789579158243,0.024137274549098163,0.8403094441338497,0.5690159186541456,0.3228495495005894,6.541024655623687,-0.009794076581450787,0.02703021149770224,1.0923073772129206,0.9014614010154125,0.17471819762351293,-4.305677355910149
0.7525_0.2000_0.0000_18_1.dat,0.7525,0.2000,0.0000,1,0.01084168336673339,0.009250501002004039,0.861271324766611,0.7274200422082625,0.15541128412073835,-11.876844442971219,-0.0017992382978642297,-0.004863527455676968,1.1226758803291617,0.8554535032313133,0.238022729248891,-32.37814972573139
0.7525_0.3500_0.7854_16_0.dat,0.7525,0.3500,0.7854,0,-0.002051176484504097,0.014804605403700233,0.882176793521633,0.5631579851099222,0.3616268425495459,48.768205881356025,-0.019760822891792054,0.018780874533841224,1.0943843672562068,0.7646747330176054,0.30127407161821507,43.886353794744025
0.0400_0.3500_-0.7854_17_1.dat,0.0400,0.3500,-0.7854,1,-0.0014921511835460355,0.013982009238412191,1.1520838825502506,0.7811233457924779,0.32199090914857276,-42.74202771969959,0.007967436957699638,0.013807179115460495,1.33648261321417,0.9981376170313346,0.2531607914966687,-44.20863237626574
0.0400_0.2000_1.5708_16_0.dat,0.0400,0.2000,1.5708,0,-0.017971943887775566,0.006693386773547012,1.4520210329180447,1.0138390657795704,0.30177384294350396,88.47686137484958,-0.036766313483902364,-0.004564295115179837,1.5091330663234386,1.205296519809511,0.2013318462725998,-87.96440562838536
0.7525_0.8000_0.0000_17_0.dat,0.7525,0.8000,0.0000,0,-0.0052104208416834455,-7.214428857713783e-05,0.8685656531501669,0.1864374609025031,0.7853501802352876,-0.7347829978103277,-0.009489106823416742,-0.008750940040166149,1.073286685303324,0.6869166157617711,0.3599877598708494,-12.01427116138052
0.0400_0.3500_1.5708_17_0.dat,0.0400,0.3500,1.5708,0,0.01654308617234471,0.004889779559118152,1.3519508393258133,0.8567167678284338,0.3663107097476572,-87.93031825642565,0.003863696609108285,-0.016493918002110364,1.466399751714492,0.9750497552674061,0.3350723401805047,80.72836457091861
0.5150_0.5000_-1.5708_12_1.dat,0.5150,0.5000,-1.5708,1,-0.01820641282565134,0.004328657314629335,1.0588205209088286,0.517163432838712,0.5115664811683007,88.82141777943082,-0.010988428882924844,0.009425369052768284,1.208322742532107,0.7051612799923588,0.41641313601806884,-88.30221921726984
0.0400_0.6500_1.5708_11_0.dat,0.0400,0.6500,1.5708,0,-0.011650300601202397,-0.018777555110220518,1.3639830107824569,0.43692293066168497,0.6796712809413648,88.99494759203003,-0.01855016823382641,-0.020099657660202164,1.477248906976461,0.7491630970996759,0.49286603390824957,88.25695769941309
0.9900_0.8000_0.7854_11_1.dat,0.9900,0.8000,0.7854,1,-0.026340081861113383,-0.028783072022968276,0.7876960432874666,0.1403538347688687,0.8218172657271465,45.397875233263946,-0.024855330916905366,-0.02525671367551385,0.8865209232540701,0.5898555893162926,0.33463996861894196,32.94058054396021
0.2775_0.6500_-1.5708_17_1.dat,0.2775,0.6500,-1.5708,1,-0.0023006012024048093,-0.012324649298597121,1.211711356585726,0.3706428791766066,0.6941161959387938,-88.66777130099561,-0.007935056561467996,-0.029129265843330705,1.3119315787634618,0.6948174788170439,0.4703858874470176,-88.73851874666228
0.7525_0.3500_-0.7854_18_0.dat,0.7525,0.3500,-0.7854,0,-0.006716805897443434,0.007822103070440402,0.8306853392118538,0.5630678972031596,0.32216463849308696,-42.98441658087495,0.014661876319086876,0.008756356192009228,1.1245487632122013,0.8319242775953716,0.26021502596380675,-28.68595550325503
0.9900_0.8000_0.7854_17_0.dat,0.9900,0.8000,0.7854,0,-0.00293895684204596,-9.352514540748313e-05,0.7077661295749946,0.15520366634556718,0.7807133460331519,44.80517167670499,-0.002872875146268423,-0.007307159623080236,1.0092258538751513,0.51857155724862,0.48616897272553306,42.11286566036483
0.5150_0.5000_1.5708_14_0.dat,0.5150,0.5000,1.5708,0,0.007404809619238517,-0.0038476953907816414,0.9072929532606036,0.5052210729577166,0.44315551978876566,-84.78587733838073,0.02559067410583836,0.008943283187423835,1.1239335266042156,0.7629200059357141,0.3212054023864257,84.6930720105649
0.0400_0.8000_1.5708_10_1.dat,0.0400,0.8000,1.5708,1,-0.00874148296593188,0.013086172344689293,1.2797455859799334,0.2522812818986218,0.802866065988074,89.18507548944693,-0.015009727729910025,0.0018024025585663588,1.3930344105893353,0.5146796330955951,0.6305334389565758,89.06487668151233
0.5150_0.3500_0.7854_19_0.dat,0.5150,0.3500,0.7854,0,-0.00859793666302484,0.006415683270184476,1.0322538062530162,0.6893794490650011,0.33216090375352214,39.620705799051905,-0.008918512361607797,0.013913742472945119,1.3117543462338679,1.0030375369686313,0.2353465114497868,41.17703118250367
0.9900_0.6500_1.5708_17_0.dat,0.9900,0.6500,1.5708,0,-0.003661322645290572,0.022605210420841598,0.6912731439594311,0.2565000714484599,0.6289454122587566,88.70112562742504,-0.0020285034063535546,0.024595610271466686,1.014076537907604,0.6055601851699307,0.40284568024873746,70.09260601139268
0.7525_0.6500_-1.5708_17_1.dat,0.7525,0.6500,-1.5708,1,-0.008101202404809622,0.0006613226452906528,0.7969922580598425,0.3104692614610727,0.6104488364581316,89.2342520540373,0.006204334890021772,0.020508311070875737,1.0336705021437977,0.7334325894945091,0.29045804444124634,79.48004343468585
0.9900_0.3500_0.7854_15_1.dat,0.9900,0.3500,0.7854,1,-0.007814309308323107,-0.0049958015171807845,0.7928430875525039,0.49472112798529877,0.3760163445297905,44.64626521707993,-0.0042640812312368485,-0.023448066336548924,1.0729968206441443,0.7809595404393623,0.27216975352216355,56.29100504869926
0.0400_0.8000_0.0000_19_0.dat,0.0400,0.8000,0.0000,0,0.010220440881763444,0.002909819639278573,1.2699377347985645,0.24085119137354596,0.8103440942230531,-0.8858082284029081,-0.018357102888417423,0.019210204639168192,1.4033437530784005,0.7060626389979034,0.49687121387823086,-0.6784794564233323
0.9900_0.2000_0.7854_17_1.dat,0.9900,0.2000,0.7854,1,0.0067338104693355485,0.0029021136029459397,0.6564365867201821,0.5875853420989479,0.10488636071496626,68.01618228014382,0.02164418140254287,0.00047568601927031886,1.0252966212403394,0.8188615807693559,0.20134177387735008,44.994886800998614
0.2775_0.8000_-0.7854_14_0.dat,0.2775,0.8000,-0.7854,0,0.00974361969426589,-0.003179854943852858,1.2317734865378476,0.22791437373813322,0.8149705475649315,-44.927217673665524,0.011378954658753278,-0.023324039055981682,1.3344452346051259,0.5347103487464266,0.5993013914095529,-45.68062098030285
0.0400_0.8000_-0.7854_17_0.dat,0.0400,0.8000,-0.7854,0,0.00686984704447367,-0.005288421858493311,1.3178748425168891,0.2808201432616402,0.7869144062835836,-45.44462797676778,0.005808799948864345,0.004318729476088546,1.4687701229676282,0.7458943494803661,0.49216399638270303,-44.4697466694179
0.5150_0.3500_-1.5708_19_1.dat,0.5150,0.3500,-1.5708,1,-0.0012635270541082398,0.004869739478958,0.9808722563504934,0.6648692974451517,0.3221652532829157,87.57110476955246,0.019769415404778775,-0.0023077341773308814,1.1813630198865885,0.950817978071853,0.19515173400033126,83.10955381709284
0.7525_0.5000_-0.7854_10_0.dat,0.7525,0.5000,-0.7854,0,-0.0002904947698262206,0.0003613471527105876,0.8890445608175658,0.45013881995651656,0.4936824993984905,-45.03081011815121,-0.00673190536886103,0.011396076158442665,0.9690686628452951,0.7158103024270198,0.26134201850535554,-39.76751040606027
0.2775_0.2000_0.7854_18_1.dat,0.2775,0.2000,0.7854,1,-0.03818093208875826,-0.03176454029474482,1.1437826414950047,1.0236212602269898,0.10505613296504956,29.314459419726546,-0.03263285634775568,-0.053029254425873834,1.3089957200134181,1.1424840309475823,0.12720567876580147,40.982087008255064
0.2775_0.8000_1.5708_19_0.dat,0.2775,0.8000,1.5708,0,0.003911823647294569,0.000601202404809536,1.1236168429862392,0.23473996932230254,0.7910853946453548,-88.33543909476444,0.013781454058491191,0.0027784581074444203,1.2494853988858008,0.5739864862275764,0.5406216937473496,84.3081568171998
0.2775_0.2000_0.7854_17_0.dat,0.2775,0.2000,0.7854,0,-0.009854149411565708,-3.6843239099937365e-05,1.100367859629749,0.9731024104111672,0.11565718509935763,46.35976665414264,-0.012257798374000643,-0.0034236402312135005,1.2054019680844417,1.1828527020331128,0.01870684356618646,40.89026443677517
0.9900_0.6500_-1.5708_10_1.dat,0.9900,0.6500,-1.5708,1,-0.0004418837675350769,0.0017835671342686138,0.6856260228171973,0.2548887816607547,0.6282393415969955,88.51194570597292,-0.019589996031559392,-0.010431999033138408,0.8856118685293114,0.6404951324566385,0.27677670634622964,-83.20426879564079
0.0400_0.3500_-1.5708_18_1.dat,0.0400,0.3500,-1.5708,1,0.009860721442885743,-0.008777555110220353,1.3540340197957412,0.8101237679153739,0.4016961493791842,-87.24694920269184,-0.0007674145575780589,-0.018666206127338922,1.5054094064629575,1.0370954737817175,0.3110874229101367,-89.03378694958948
0.9900_0.2000_-0.7854_13_1.dat,0.9900,0.2000,-0.7854,1,-0.004302156688742235,0.0042568111636962416,0.7758211883059815,0.6262658608749707,0.19277035699110934,-52.05692249512853,-0.00844714090998399,0.01518880822636725,0.9222719891380243,0.8394701027248893,0.08978033312116906,-35.05109108427882
0.2775_0.8000_-1.5708_14_1.dat,0.2775,0.8000,-1.5708,1,0.0024288577154308816,-0.01326653306613219,1.1022174497446473,0.2288961691038169,0.7923312054650871,89.8355444242763,-0.007457264220432063,-0.017837154664389884,1.249436933438205,0.6424989363124212,0.48576921402155904,-89.7179843176726
0.9900_0.2000_-0.7854_12_0.dat,0.9900,0.2000,-0.7854,0,-0.0029871364624073425,0.008972745768483479,0.6910756048687111,0.5476124670626569,0.20759398363267223,-58.01396946108038,0.0026691214949378116,0.0315304058797208,0.9132750895328431,0.7929343345096985,0.13176835370019901,-59.45924208417277
0.0400_0.8000_-0.7854_19_1.dat,0.0400,0.8000,-0.7854,1,0.005750379394899776,-0.0025818608323083234,1.232547798109037,0.24222087348620444,0.8034795292662748,-45.39482083036043,-0.009501989834337707,-0.0013814286114309825,1.351624246066808,0.6364156859151585,0.5291474773650207,-47.64465987142435
0.9900_0.6500_0.0000_15_1.dat,0.9900,0.6500,0.0000,1,-0.009959919839679435,0.005498997995991976,0.7756780072157275,0.26228032920651684,0.6618695814930167,-1.3094063242369032,-0.037741492553348084,0.014554019035339403,0.8865533882467042,0.7544530417470556,0.14900438964076068,-16.017015132637027
0.7525_0.3500_1.5708_12_0.dat,0.7525,0.3500,1.5708,0,-0.0015240480961923497,-0.006893787575150374,0.8451465510362096,0.546671029705515,0.35316421863727954,-89.2688531723755,0.00603047171347969,-0.021616549623215936,1.001711222263641,0.7804143281592606,0.22091885284493418,-72.69414173983456
0.0400_0.2000_0.7854_14_1.dat,0.0400,0.2000,0.7854,1,-0.001119467649573962,-0.015743399476918968,1.2600085041246616,0.9999729072743533,0.20637606492263894,40.09228169448966,-0.0022789628910085424,-0.00807780194166486,1.34952203580259,1.136921136462467,0.15753792357579743,46.18879542852548
0.0400_0.5000_-1.5708_12_0.dat,0.0400,0.5000,-1.5708,0,-0.0016733466933868126,0.018597194388777636,1.3108645104016796,0.6316304992935216,0.5181572967445924,87.69171935638289,-0.017528354940687548,0.003873507612932367,1.4347551831722405,0.8202572494070758,0.42829462543324714,-86.69540655044895
0.7525_0.2000_0.7854_15_1.dat,0.7525,0.2000,0.7854,1,0.0021142351052711294,0.016760839695139206,0.9061033798479354,0.6078140096112544,0.3292001518488329,41.462867280209565,0.0016661710154068654,-0.01284343372598711,1.0367413735491426,0.8263637818093841,0.2029219601987713,60.89493801852761
0.7525_0.6500_0.0000_15_1.dat,0.7525,0.6500,0.0000,1,-0.006753507014028128,-0.0014799599198396815,0.9294438607883184,0.29504469892780466,0.6825578053982098,1.2992208427158403,0.0011382161149847453,-0.005822145722047062,1.054778538289,0.6296383780335616,0.403061064311259,-5.324847547630242
0.7525_0.2000_1.5708_16_0.dat,0.7525,0.2000,1.5708,0,0.0012184368737474637,-0.005150300601202486,0.8765331379586412,0.6921848921992835,0.2103152040420132,-87.81686230225908,0.010796921215723112,-0.01406838187302731,1.112159087878593,0.8671374402838206,0.2203116894563557,-74.72514283353661
0.2775_0.3500_-0.7854_12_1.dat,0.2775,0.3500,-0.7854,1,-0.00597852406778775,0.0010783732675009716,1.16277124492142,0.7813710604222094,0.32800964606325955,-45.584315233858746,-0.0007880598769126257,0.009492419519150095,1.1910104745841634,0.9494820284143163,0.2027928816110336,-44.142122260675336
0.7525_0.2000_-0.7854_16_0.dat,0.7525,0.2000,-0.7854,0,0.006798994661589246,0.031313919139599924,0.9643843581835075,0.6078455200156238,0.3697061603523436,-45.28554674378498,-0.004170198972942697,0.04699422500421623,1.0834724358372574,0.8494578696628295,0.21598571263475863,-50.963307922780075
0.7525_0.3500_-1.5708_10_0.dat,0.7525,0.3500,-1.5708,0,0.009014028056112192,-0.0010020040080159487,0.9051528543734393,0.5817946102918563,0.3572415891075287,89.34546849235959,0.011542084890739678,0.0027760868993995324,1.0339613145557498,0.7496060175807122,0.2750154120584417,75.0519518136634
0.2775_0.5000_0.7854_17_0.dat,0.2775,0.5000,0.7854,0,-0.00993350408039621,-0.010103549799318887,1.2131242000103966,0.5746370900852387,0.5263163573191318,44.249620624223326,-0.022650960716542448,0.011452614109791275,1.3949177317734736,0.8919062862578011,0.36060294744131804,39.97117720388016
0.7525_0.8000_0.7854_12_0.dat,0.7525,0.8000,0.7854,0,-0.015272939654566418,-0.011282533450515655,0.8493815819958362,0.1759993285270633,0.7927912115618183,45.40537275497641,-0.02410968032726217,-0.02406686508056922,0.974935580584651,0.5667621194014755,0.418667109203668,42.20496501177908
0.9900_0.5000_0.0000_11_0.dat,0.9900,0.5000,0.0000,0,-0.02000000000000007,0.006533066132264492,0.702995869753943,0.3864868427599066,0.45022885711237304,5.213775716463886,-0.013400786912242677,0.0308521507225247,0.8539345716738089,0.6444565661889091,0.24530919865944656,1.0791034940616555
0.9900_0.8000_1.5708_12_1.dat,0.9900,0.8000,1.5708,1,0.0007775551102204252,0.00775551102204401,0.7263459298612769,0.13939604105191503,0.8080858784759241,89.6603442241554,-0.007293455702670689,0.011000247091830378,0.9324070716974375,0.4821778564211632,0.48286765399219533,79.44169533807958
0.7525_0.8000_-1.5708_19_1.dat,0.7525,0.8000,-1.5708,1,0.0006893787575150452,0.02324649298597202,0.983295835831207,0.18740676705720405,0.8094095792658534,-89.60932566921704,0.02365926132641971,0.0016144604120556538,1.2068009730616256,0.7137457356309507,0.40856383814458275,-88.75099167203241
0.9900_0.8000_0.0000_12_1.dat,0.9900,0.8000,0.0000,1,0.0015430861723446116,-0.0019519038076152146,0.7287869862230316,0.1446958364295877,0.8014566132972821,0.07973315544600723,-0.002959705374585409,-0.0006996319343556567,0.9050837752417059,0.5848209309203027,0.35384884038593645,-18.659397261910925
0.7525_0.2000_-0.7854_15_1.dat,0.7525,0.2000,-0.7854,1,0.005534988150931132,0.008567470138384572,0.8721547738681116,0.6621886332554392,0.24074412811093981,-38.58879520288761,0.00177654014000989,0.007602608025096891,1.0927964933478669,0.8367625270664387,0.23429244863062126,-53.78075184020912
0.0400_0.6500_0.7854_17_0.dat,0.0400,0.6500,0.7854,0,-0.01692663427108885,0.004598319649199032,1.2295577466592047,0.4790708854013857,0.61037138214691,44.360073840898735,0.010021873374246133,-0.020941341328776338,1.422923546971793,0.8120725614386728,0.4292929067293235,43.40967937008628
0.9900_0.8000_-1.5708_16_1.dat,0.9900,0.8000,-1.5708,1,0.0015150300601202526,0.008877755511022123,0.7704631458735607,0.15382818395350756,0.800343228904096,89.371851474139,0.005763031025434062,0.006533938960485919,1.086268824737487,0.640208175742016,0.4106355985161114,84.94883317078363
0.9900_0.5000_-1.5708_13_0.dat,0.9900,0.5000,-1.5708,0,-0.005300601202404846,-0.011122244488977882,0.742715778940006,0.421307227847533,0.4327477080817954,89.62792255936668,0.0029101580766956836,-0.02587639555824699,0.960575184295541,0.7206911512017521,0.24972957558726983,-67.53067399481932
0.2775_0.2000_0.0000_13_0.dat,0.2775,0.2000,0.0000,0,0.052845691382765445,-0.006525050100200368,1.1454469017114328,0.9551414058038799,0.1661408273253122,-1.6610538158356576,0.041139776209030324,-0.01231935143720622,1.2423206678798542,1.0738479585823963,0.13561129075069933,10.047823794462914
0.7525_0.2000_1.5708_11_1.dat,0.7525,0.2000,1.5708,1,0.012472945891783539,-0.011863727454909904,0.8529769577075024,0.7185544151360912,0.1575922319551175,-81.45135346699453,0.023454488390538302,-0.004038962064332614,0.9535273505138494,0.8502333243521631,0.10832833070390879,68.53142756591183
0.9900_0.6500_-0.7854_13_0.dat,0.9900,0.6500,-0.7854,0,-0.008527792803969281,0.000909744596236044,0.698107600618212,0.27983382445635746,0.5991537347415363,-44.93960631409291,-0.008987269127224988,0.018809357964027974,0.842107911519694,0.6741360910586957,0.19946590949118526,-61.30304516784918
0.5150_0.2000_0.0000_10_0.dat,0.5150,0.2000,0.0000,0,-0.01735470941883775,0.005354709418837695,1.0373049259114422,0.8633395354880921,0.16770901793461845,1.6352970835211806,-0.014961181946828845,-0.013167903414611786,1.2175085684726783,0.994520986345756,0.18315072920320585,20.57433131180602
0.5150_0.6500_-0.7854_12_1.dat,0.5150,0.6500,-0.7854,1,0.0030544462261474425,-0.009670641739894922,1.0363665410201384,0.3714212474364799,0.6416120815026751,-43.39564881237271,-0.0017160272242788056,-0.0010590764820691844,1.1376918473691249,0.679857436210032,0.40242391840797653,-44.73388849968737
0.2775_0.3500_-1.5708_13_0.dat,0.2775,0.3500,-1.5708,0,-0.005952905811623268,-0.01184368737474942,1.1380425110265453,0.8014400937366226,0.29577314909466623,-84.26399934725231,-0.0033702583703351884,0.0026352828804978856,1.1889710882773525,1.0176508057786844,0.1440912097760817,-85.43254582861695
0.7525_0.6500_1.5708_15_0.dat,0.7525,0.6500,1.5708,0,0.002153306613226457,-0.001122244488978037,0.9615490469512177,0.30883003100175055,0.6788203035706213,88.10028178600597,-0.006314545467540248,-0.006936414085336493,1.1546589848420603,0.6485937409549107,0.43828112934692276,-89.38914107625563
0.7525_0.8000_-0.7854_18_1.dat,0.7525,0.8000,-0.7854,1,-0.005756047585530611,0.0038231945804435563,0.8363894085808269,0.1858824220574054,0.7777561263325801,-43.74516399245974,0.001367618731732616,0.002562239027700788,1.1700026035739128,0.7233148586767599,0.3817835477739039,-45.86494582904484
0.2775_0.3500_-1.5708_18_1.dat,0.2775,0.3500,-1.5708,1,0.02052905811623243,0.004208416833667413,1.1157618646531762,0.7532611665249429,0.3248907402305895,-84.69287920035275,0.019533437036915773,0.02588901698305152,1.2938148197562684,1.0635517094413853,0.17797223126433237,73.67846811558141
0.9900_0.2000_0.0000_15_0.dat,0.9900,0.2000,0.0000,0,-0.01899799599198405,0.0033346693386773697,0.7316790801858861,0.6387913535436506,0.12695145885356873,22.74969494268774,-0.04440571498697701,0.0022476977779276697,1.0476101978424786,0.8863223491553985,0.15395788339904237,-41.0242613569462
0.5150_0.6500_1.5708_18_1.dat,0.5150,0.6500,1.5708,1,0.019099198396793585,-0.014028056112224527,1.0137851349896414,0.353966631791737,0.6508464963876652,87.76301614999807,0.018986145756508765,-0.02609106079704263,1.243043050692254,0.8187146737813228,0.3413625752339162,78.02810040872845
0.2775_0.3500_1.5708_14_1.dat,0.2775,0.3500,1.5708,1,-0.031757515030060086,-0.024589178356713502,1.228827380692133,0.7890377900272915,0.35789371035753736,-85.5754620373627,-0.039664499307986024,-0.029694862813545234,1.3307536072170554,0.9475253832705023,0.2879783469067432,88.05120261087481
0.5150_0.8000_-1.5708_11_1.dat,0.5150,0.8000,-1.5708,1,-0.0011382765531061947,-0.017354709418837596,1.0049003570869566,0.21566556497693581,0.7853861196724864,-89.77078281813083,-0.004314414783905536,-0.02134588974149741,1.1549988164363418,0.5726132089865689,0.5042304798602981,83.75598645957277
0.2775_0.2000_-0.7854_10_0.dat,0.2775,0.2000,-0.7854,0,0.004001742585312205,-0.00030608229406063836,1.2145278680091314,0.9231664635172829,0.23989684565200764,-44.0443021223646,-0.012757388677200856,-0.013526882109370624,1.2865456086312552,1.0249368478205148,0.20334200284517223,-30.885647154532137
0.7525_0.5000_-1.5708_13_1.dat,0.7525,0.5000,-1.5708,1,0.011713426853707371,0.008336673346693467,0.8653268697950512,0.45492300826415094,0.4742761098220637,87.72159553348364,0.0007350573463249488,0.028010488747752502,1.0075373132118528,0.7195797513713947,0.2858033723063811,78.06559939928435
0.2775_0.2000_0.0000_11_1.dat,0.2775,0.2000,0.0000,1,-0.007815631262525128,-0.002949899799599174,1.1428133840866133,0.9275636406345341,0.18835073726767404,4.246686753034737,-0.02186689203764898,0.0028431986494306103,1.2257371732886948,1.06180474383891,0.13374190896890925,-0.4429836980012567
0.0400_0.6500_-1.5708_13_1.dat,0.0400,0.6500,-1.5708,1,0.016889779559118225,0.004749498997996073,1.357165489168254,0.46380473155098617,0.6582548441935174,89.90521821094202,0.011766832708703408,0.013813576940827839,1.4240631657646108,0.6622926197560621,0.5349274978259391,-89.14537414952626
0.7525_0.3500_0.0000_14_0.dat,0.7525,0.3500,0.0000,0,-0.00857715430861732,0.00033867735470939685,0.8584397684372,0.5660878918158677,0.3405618977247087,1.8774972656075306,0.006664997972742583,-0.010587855863705508,1.0500897407761105,0.7965540444448955,0.24144193251886203,-10.519982336671205
0.2775_0.6500_0.7854_17_1.dat,0.2775,0.6500,0.7854,1,-0.004701764128210403,-0.012161102998282521,1.1776944124164743,0.39059581267289634,0.6683385702141144,42.314699391550164,-0.014641144297571487,-0.0027244828591093035,1.2211068904959599,0.668548933305771,0.4525058055857535,42.1522220913989
0.5150_0.3500_1.5708_12_1.dat,0.5150,0.3500,1.5708,1,-0.01392484969939877,-0.013947895791583252,0.9972669132960256,0.6497568506612889,0.3484624406982436,-89.73849070433162,-0.006194231210388768,0.0017187751551467245,1.0835277403824,0.7238742656164932,0.3319282574518835,85.35623971574111
0.2775_0.5000_1.5708_18_1.dat,0.2775,0.5000,1.5708,1,-0.011482965931863685,0.0334869739478957,1.0366267814021146,0.6062737929139772,0.4151474727539386,85.90828725314184,0.0005368362093798329,0.014969151098333864,1.2091824297276281,0.8912494801544272,0.26293216123295493,-77.80360090934403
0.2775_0.6500_1.5708_17_1.dat,0.2775,0.6500,1.5708,1,0.001248496993987982,-0.0016032064128257328,1.270970739608497,0.40588840918610025,0.6806469287317126,86.95586743105504,0.003261490317433653,-0.022052252456508315,1.3818877500754942,0.7593323390701712,0.45051083995158947,87.47203495605748
0.9900_0.3500_0.0000_15_0.dat,0.9900,0.3500,0.0000,0,-0.010400801603206482,-0.0037515030060120535,0.7092823474193041,0.5016766473119767,0.292698247549361,1.7198166402324944,0.0005523418174199279,-0.003132462348864391,0.8966308092711425,0.7890925981718585,0.11993588664067889,-5.389088103669252
0.2775_0.8000_1.5708_15_1.dat,0.2775,0.8000,1.5708,1,-0.004709418837675367,-0.002004008016032133,1.0526446273505217,0.24631330484254432,0.7660052609943887,-88.43077028816063,-0.03014497144481529,0.013367415636608699,1.258066832584046,0.6950480946649634,0.4475268907317528,-77.56038195042139
0.0400_0.3500_0.7854_11_1.dat,0.0400,0.3500,0.7854,1,-0.0036977858627381065,0.014042233763863834,1.2146448064623003,0.786612844078378,0.3523926995831661,52.30097154111709,0.005468215801957163,0.03078001525465255,1.3534900055475059,0.8187774093502346,0.3950620942937606,53.61489491715534
0.7525_0.8000_1.5708_11_0.dat,0.7525,0.8000,1.5708,0,0.0024328657314629095,0.01422845691382758,0.8321024189439122,0.18342314304902718,0.7795666268080026,89.49115635397071,0.020905810589547654,0.018939144376621336,0.9555034385314078,0.5979648464129365,0.37418870273036586,88.14837736464901
0.5150_0.3500_-1.5708_14_0.dat,0.5150,0.3500,-1.5708,0,0.0009118236472945629,-0.009779559118236391,1.0219452122552055,0.6579738461733965,0.35615545893953093,85.02468778798972,0.002053172425612807,-0.009142286407385262,1.1966603420528583,0.8939447607581389,0.2529670037994357,-80.78552397086261
0.5150_0.6500_-1.5708_19_0.dat,0.5150,0.6500,-1.5708,0,0.011965931863727443,0.02190380761523055,1.046653778792,0.3298070301345929,0.6848938619270633,87.37195809376078,0.0070080516298641204,0.011077622779496064,1.1853220105845297,0.7968515321196582,0.3277341304691551,-82.78002707102263
0.0400_0.8000_0.0000_11_1.dat,0.0400,0.8000,0.0000,1,-0.0197394789579159,0.0006012024048096379,1.3106743436339157,0.25199874743067163,0.8077335162203668,0.8918678949407024,-0.011331193020338422,0.007187710785437357,1.423113475310174,0.49855241425595914,0.6496748692880605,0.6382980741915105
0.9900_0.5000_-0.7854_10_0.dat,0.9900,0.5000,-0.7854,0,-0.021539124396864853,0.01856332431571901,0.7711033499136972,0.3366155098333908,0.5634625243541411,-47.805997351688205,-0.020632510450335113,6.296511755841949e-05,0.8674151432949965,0.6698513632851026,0.22776150674453355,-39.86402605063287
0.7525_0.8000_0.7854_15_1.dat,0.7525,0.8000,0.7854,1,-0.01098778753771648,-0.01023958637445694,0.822286105552869,0.1731795515277911,0.7893925844565344,44.50647703811916,-0.025718081122266413,-0.03847566042826758,1.0180083616372657,0.6296560993420333,0.3814823894674543,46.09454801143136
0.9900_0.6500_0.7854_15_1.dat,0.9900,0.6500,0.7854,1,-0.011716858557597179,-0.012798065920413493,0.7851871525453908,0.24163622341528665,0.6922565242796457,44.42751578523314,-0.014226655744004781,-0.016799826346705963,1.0660372486591032,0.39350939192611034,0.6308671273718818,49.908264806195405
0.7525_0.2000_-1.5708_13_1.dat,0.7525,0.2000,-1.5708,1,-0.011078156312625232,-0.008476953907815556,0.8783675014338668,0.6690323170082891,0.23832300726501632,69.0134297440471,-0.016348373374684647,-0.024269685392986195,0.984054377911733,0.833271011087641,0.15322666125836482,87.75951213158321
0.2775_0.3500_0.7854_10_0.dat,0.2775,0.3500,0.7854,0,-0.019840792779125174,-0.00047967063212762896,1.198905860163918,0.7907279146843001,0.34045871243285986,52.509049089129775,-0.018216524684601342,0.008795928829351974,1.2900119113860191,0.8540328668231885,0.33796513095325187,55.77259598179189
0.5150_0.5000_0.7854_14_0.dat,0.5150,0.5000,0.7854,0,-0.022821552527072866,-0.01923642195312109,1.0875463246631007,0.5371488720520204,0.5060910419439668,44.90043425500804,-0.017002917959442955,-0.025384597249214248,1.2423064488672955,0.7445140347341962,0.4007001771478963,40.353951709552916
0.0400_0.2000_-0.7854_18_1.dat,0.0400,0.2000,-0.7854,1,-0.0004704598223526113,-0.03510310457625875,1.3330014653905555,0.9913359188206935,0.2563129564675741,-51.639430497036756,0.00807579673240087,-0.031824347454806355,1.4621823537277838,1.1844236301695636,0.18996175329984244,-51.82953028825531
0.9900_0.8000_0.0000_15_0.dat,0.9900,0.8000,0.0000,0,-0.006513026052104287,-0.0035871743486973764,0.7250154062037693,0.16222940579086875,0.7762400572419377,-0.41209339783836185,-0.003672083176345591,-0.014452473605828447,0.9006740722743537,0.7107913165308648,0.21082293982772593,14.174493715986415
0.2775_0.5000_-0.7854_17_1.dat,0.2775,0.5000,-0.7854,1,0.004633745840641219,-0.00800631926593984,1.1955669068738701,0.5654260668540254,0.5270644715882248,-48.13788742673819,-0.006004150069730234,-0.015886043419202762,1.391767667398532,0.8508592815449482,0.3886484781361823,-47.586956498842625
0.0400_0.3500_-0.7854_15_0.dat,0.0400,0.3500,-0.7854,0,-0.004623826507037565,0.007902874786928644,1.374747511447669,0.8128571021571303,0.40872262332655085,-46.24879638352954,-0.00010042299146886257,-0.011319227859131791,1.5446595677706147,0.9890795635438538,0.3596779612925466,-45.39340332141339
0.0400_0.3500_1.5708_13_1.dat,0.0400,0.3500,1.5708,1,-0.01709018036072141,-0.001122244488978047,1.3404729123509038,0.8707611698675771,0.3504074854146455,88.35591023579363,-0.015575881066082674,0.010034588518915871,1.405003930324387,1.0718672566135266,0.23710728953900218,-84.39022424160845
0.0400_0.6500_0.7854_17_1.dat,0.0400,0.6500,0.7854,1,-0.004672006127398948,-0.0022715273952746908,1.1970908369987825,0.45448804741613696,0.6203395487049416,44.433165778305664,-0.007820087264690013,-0.002378788751302757,1.3920498052135923,0.8311435945037614,0.40293544714355034,43.81160166698774
0.5150_0.3500_-0.7854_17_0.dat,0.5150,0.3500,-0.7854,0,0.008406635229236794,-0.0024196088755030244,1.007598639644273,0.6852878535660484,0.3198801322240914,-42.82564680103346,0.01677896268263027,0.0009441476368325741,1.1522466596557404,0.9701649420456114,0.158023211509704,-47.20199874777202
0.0400_0.5000_-0.7854_17_1.dat,0.0400,0.5000,-0.7854,1,0.0004392847738833461,-0.006872681139789061,1.346902348972443,0.6790784839167426,0.4958220360705331,-45.827721257510774,-0.004485684981896221,0.004512877037763177,1.5035345367538366,0.8552937343245157,0.43114460398687393,-44.994824859514665
0.9900_0.6500_0.0000_17_0.dat,0.9900,0.6500,0.0000,0,0.01599198396793579,0.00671242484969939,0.6346922859831727,0.26321417122987795,0.5852885295082089,-0.7765311232938927,0.023100993206839008,0.006345408474260068,0.9795570807358781,0.7470618772646996,0.23734727464429106,-22.60793270854853
0.7525_0.5000_0.7854_13_1.dat,0.7525,0.5000,0.7854,1,0.018053187158951104,-0.014000430857962187,0.9526699640084598,0.45793907610447976,0.5193098413876169,44.10189089380273,0.01274184820136088,-0.012793061946647264,1.0620653376456708,0.9293711770146245,0.12493973386345103,34.43872193344376
0.7525_0.5000_1.5708_13_0.dat,0.7525,0.5000,1.5708,0,0.004038076152304651,-0.008056112224448977,0.8016695361573104,0.44181586695929564,0.4488803091145541,-83.35988215946755,0.022749170618132003,0.004254334534810598,1.0130931852400316,0.754965820232258,0.2547913348628592,-71.22240421972087
0.0400_0.6500_1.5708_14_1.dat,0.0400,0.6500,1.5708,1,-0.0033316633266533015,0.027494989979959836,1.2431932192589707,0.43069261378465296,0.6535593927697132,-88.98456930454634,-0.022847161272167286,0.010693969069081688,1.3048489760152182,0.7156569559228814,0.4515403935033361,-86.35518948481804
0.5150_0.8000_0.7854_14_0.dat,0.5150,0.8000,0.7854,0,0.010945276107985688,0.0073346386761954895,0.9714048817568923,0.19846786573899772,0.7956898616979906,44.76413972737649,0.009218539238579598,-0.006873277182413246,1.114574279009596,0.6269449919116283,0.4375027275268474,40.760945471544034
0.0400_0.8000_1.5708_11_0.dat,0.0400,0.8000,1.5708,0,-9.619238476955838e-05,0.00907815631262517,1.2026049228991906,0.27381299867774556,0.7723167488640839,-89.8271225678745,0.005413078681960409,0.00947374425883183,1.315752958831586,0.6289425865341618,0.5219903688510987,82.46954761137975
0.9900_0.3500_-1.5708_18_0.dat,0.9900,0.3500,-1.5708,0,0.005718436873747461,-0.014889779559118157,0.7358123365226809,0.4870498739155357,0.3380786788418805,-83.74965590233211,-0.011083815283243804,0.0017043659721549332,0.9703319399646692,0.8943601444534853,0.07829464576209877,-56.77369282537872
0.2775_0.6500_0.0000_17_0.dat,0.2775,0.6500,0.0000,0,0.0457114228456913,-0.00046292585170340685,1.194985262185535,0.41106616026537135,0.6560073389410985,-1.926842894783789,0.04130969343065967,0.014066889681426187,1.3247878132896802,0.8101350765252926,0.3884793712635495,-10.59935959144994
0.9900_0.2000_1.5708_17_0.dat,0.9900,0.2000,1.5708,0,-0.007551102204408834,-0.012284569138276625,0.7408827231537346,0.5547744788199439,0.25119798116168635,82.13552784195099,-0.0039904052473414865,-0.02401634469441866,0.9068710304736436,0.8611880495661927,0.050374286279264546,55.20883769907968
0.2775_0.6500_1.5708_11_0.dat,0.2775,0.6500,1.5708,0,0.002328657314629264,0.009358717434869655,1.172000558492134,0.4116823649657044,0.6487353508641972,88.46647967793193,-0.00043198189091263106,0.012451404615877504,1.2309146238840911,0.7066952623985544,0.42587792143649095,84.08517668161578
0.9900_0.2000_-1.5708_10_1.dat,0.9900,0.2000,-1.5708,1,-0.006012024048096173,-8.016032064120382e-05,0.6873934052994148,0.6073642780843594,0.11642405440330972,72.9961054246061,-0.004127263095700587,0.005520117403234155,0.9667242091933742,0.6962617074142663,0.27977214101711523,-51.23917454929199
0.2775_0.3500_0.7854_13_1.dat,0.2775,0.3500,0.7854,1,0.019434100101368507,0.0169840247012251,1.2385674427277213,0.745135425903109,0.39838930025313546,48.259901321635994,0.02768168560764179,0.01669436038413027,1.4373725650446902,0.851023463532665,0.40793119040350867,47.64121723780994
0.0400_0.2000_-0.7854_17_0.dat,0.0400,0.2000,-0.7854,0,0.023579673023936126,0.00317418675322224,1.3290830005319998,0.9713759613214688,0.26913822467622384,-50.502839657143426,0.034270611805552124,-0.006289925585958277,1.4367099679216855,1.0354312145518907,0.27930393908958273,-50.74659484025389
0.5150_0.8000_1.5708_14_1.dat,0.5150,0.8000,1.5708,1,0.0025611222444889593,-0.02983967935871751,1.0898486670365637,0.21671540828459154,0.8011509167838246,-89.47643074479119,0.005075418410382158,-0.016729948429731113,1.1865043725549536,0.5084587699059246,0.5714649000314787,-88.67068956996411
0.7525_0.5000_0.7854_12_0.dat,0.7525,0.5000,0.7854,0,0.020674725325674773,0.017302151900376147,0.7943030681551011,0.45540263857052304,0.4266638807926675,45.37267559007312,0.014043449169219357,0.018561381747195165,0.9473120312023989,0.6991367617697236,0.2619783780405204,44.82431346476645
0.2775_0.3500_-0.7854_11_0.dat,0.2775,0.3500,-0.7854,0,0.01437665701107831,0.03106947841864862,1.194340193137092,0.8024248806346369,0.32814378579442927,-40.90314128942995,0.014204403972366114,0.017159145608706915,1.3066083091672132,0.8891452933259654,0.3195012712779427,-45.4256549590057
0.9900_0.5000_1.5708_17_0.dat,0.9900,0.5000,1.5708,0,0.0021943887775551494,0.014248496993987897,0.8054311835377734,0.38309011720484554,0.5243664200805316,-86.00277745911922,0.0025175649590318326,0.010053684202635464,0.952112477890166,0.7086158326461253,0.25574357116253443,-76.0663084255705
0.7525_0.3500_1.5708_10_1.dat,0.7525,0.3500,1.5708,1,-0.011085170340681324,0.013627254509017956,0.8508394041547609,0.5699642838906963,0.33011531775857395,-89.67477657532716,0.010485917660010955,-0.007643009531071971,0.966777128133779,0.6905712630626295,0.2856975584479582,-72.22013992368255
0.0400_0.2000_1.5708_11_1.dat,0.0400,0.2000,1.5708,1,-0.005354709418837687,0.021743486973947818,1.2887222622428378,1.0243385033210168,0.2051518520846366,85.7407480335198,-0.011848831817926526,0.015827785344098278,1.326640026331409,1.138396860552898,0.14189468283952256,-88.14763542907372
0.9900_0.5000_-0.7854_19_1.dat,0.9900,0.5000,-0.7854,1,0.004399932977122619,-0.008608564520457442,0.6186048474032096,0.3372767613921124,0.45477834063548206,-52.168734505867135,-0.00797797037441449,0.004819263155739084,0.851503538750912,0.8411479017857927,0.012161590050829618,56.688255329727134
0.2775_0.3500_0.0000_19_0.dat,0.2775,0.3500,0.0000,0,0.008597194388777474,0.012283567134268503,1.1113463364958394,0.8352981893253896,0.2483907474251914,-1.2490904204884714,-0.019612837529288156,0.02586183810553796,1.2396693287860618,1.0439941305639886,0.15784467170264427,2.8484877918243114
0.7525_0.6500_0.7854_18_1.dat,0.7525,0.6500,0.7854,1,0.01916415252257884,0.01773576848362885,0.8474048114704374,0.30623077045078423,0.6386251690978658,47.820036743781536,0.01877987396689189,0.010514949403485714,1.0327327061344271,0.8272947562205373,0.19892654574953372,55.880247115578456
0.5150_0.5000_-0.7854_14_1.dat,0.5150,0.5000,-0.7854,1,0.031380520379511126,-0.02354424683249393,1.0218333085960078,0.48168192638595964,0.5286100753088707,-46.71640893756057,0.028656077042016573,-0.031086346257006393,1.1288933329338648,0.7471605921262043,0.33814775025341026,-46.03439684777945
0.2775_0.6500_-0.7854_15_1.dat,0.2775,0.6500,-0.7854,1,0.0073976972969626055,0.008701381142036117,1.1953734332851036,0.44436624754161835,0.6282615664960705,-43.24704516769032,0.024632766828648314,0.008778620004823713,1.4081843439157196,0.6899767484082172,0.5100238463881739,-44.13875758291792
0.2775_0.5000_0.0000_12_1.dat,0.2775,0.5000,0.0000,1,0.026072144288577067,0.004348697394789538,1.1303304303981454,0.5867856559283859,0.48087245981540305,0.6910449096299089,0.03443584467713072,-0.0008506619960225149,1.1786253969412337,0.8614726166252251,0.2690870068972575,4.2687123053224525
0.9900_0.6500_-0.7854_14_1.dat,0.9900,0.6500,-0.7854,1,-0.006529047082799702,0.012034277232919402,0.8039860911506777,0.2591873835608261,0.6776220553892008,-43.13828506448738,0.005780260981187712,0.011810239952232298,0.9666692721199283,0.6600419276015953,0.3171998462782334,-45.32253627298658
0.0400_0.5000_1.5708_13_1.dat,0.0400,0.5000,1.5708,1,0.0042985971943888136,0.030480961923847617,1.1129547085760356,0.6661388646669539,0.4014681284566899,89.94617053278797,0.017118439889841804,0.03346846175062343,1.176184880177759,0.9559658734277636,0.18723162528386972,-81.94579723871874
0.2775_0.2000_1.5708_10_1.dat,0.2775,0.2000,1.5708,1,0.014733466933867723,-0.0008416833667335455,1.1971157074087069,0.8947833405506824,0.25255066405607296,-84.444190515741,0.017127309773965503,-0.02182134509343471,1.309267193649344,1.0486803523942794,0.19903259053541722,-74.00468843337592
0.5150_0.8000_-1.5708_12_0.dat,0.5150,0.8000,-1.5708,0,-0.002400801603206397,0.009659318637274627,1.0306071782464568,0.18986089096826392,0.8157776357706864,89.09804400932856,-0.0029139917519247775,-0.003130606553520447,1.1205215072728865,0.5296307053300842,0.5273355291331321,87.20145870551818
0.9900_0.5000_0.7854_19_1.dat,0.9900,0.5000,0.7854,1,0.005129712520832239,0.01275342891919616,0.7524661473544282,0.40550072863733916,0.46110435657068927,46.6825401079867,-0.002483626204489995,0.008622050626979915,1.0259851245399685,0.7424437072671859,0.2763601639935247,58.04834375582791
0.5150_0.2000_-0.7854_18_1.dat,0.5150,0.2000,-0.7854,1,-0.00610180721400661,0.02408130789475796,1.0827063737675287,0.8528734292891729,0.2122763383008438,-47.1291580382472,-0.027003796702775053,0.025858566614820323,1.2776361615908258,0.9989518607219678,0.21812493200087513,-49.38518870141985
0.0400_0.3500_0.7854_19_0.dat,0.0400,0.3500,0.7854,0,0.004117940493242663,-0.016219527489902318,1.2706750669229756,0.8292968614509679,0.3473572567539508,48.812786836442925,0.00720580507780647,-0.015431844234606938,1.33087986399057,0.9942707462054214,0.25292224106227335,45.06580710159679
0.2775_0.5000_0.0000_13_0.dat,0.2775,0.5000,0.0000,0,-0.005871743486974033,0.0016232464929859269,1.1196737654632103,0.6007112020505168,0.46349443866624684,1.8661471187757854,0.003561041567769081,0.0008347855411405247,1.2899131349630735,0.9005422548490397,0.30185821785990286,12.778241355949461
0.0400_0.5000_0.7854_15_0.dat,0.0400,0.5000,0.7854,0,0.010223998850222292,-0.004640831078929835,1.1508418300952359,0.6039893337014756,0.47517606859016104,45.89863280069377,-0.014177899735860321,0.010878487313406578,1.2262489356854127,0.9043132640894828,0.2625369631134349,42.53182076125282
0.7525_0.3500_0.7854_15_1.dat,0.7525,0.3500,0.7854,1,0.0012710917489465268,0.014203068673011474,0.9060578323608026,0.5213592392720507,0.4245850312737659,49.353370659135884,-0.008458966980867509,0.019112806129238828,1.021179687815351,0.9198491214284792,0.09922892865569244,51.483524114017825
0.0400_0.2000_0.0000_15_1.dat,0.0400,0.2000,0.0000,1,0.009539078156312539,0.008881763527054125,1.2996288507698412,1.0201117703227898,0.21507454245993252,-1.3318333809564535,-0.0015366034393011075,0.021018745887551867,1.3730059432084198,1.1860625934690479,0.13615625676209786,13.997182611271171
0.5150_0.5000_0.7854_14_1.dat,0.5150,0.5000,0.7854,1,0.0024940038775316887,0.0007652057351516894,0.9777201321542404,0.5265599825691015,0.4614409939489371,42.8404551457773,-0.008510563680073387,-0.0094400098938485,1.1192872649610188,0.8976382510219361,0.19802692380923503,39.95836640249797
0.5150_0.6500_-1.5708_15_1.dat,0.5150,0.6500,-1.5708,1,-0.016209418837675345,-0.028496993987975873,0.9808839966336843,0.33539475778341477,0.6580688858881756,-89.97046931881135,0.0005531760431428157,-0.03251211849474233,1.0869614121487745,0.7600985639181629,0.30071246741358404,-86.24986025911792
0.9900_0.8000_1.5708_13_0.dat,0.9900,0.8000,1.5708,0,0.0001963927855711281,0.00527054108216425,0.7554064863202402,0.15190454257680333,0.7989101955997684,-88.76193327425369,-0.006033453286498081,0.015269266411112911,0.9111668420441046,0.610843036570652,0.3296035277136605,89.6360249123894
0.9900_0.2000_0.7854_16_0.dat,0.9900,0.2000,0.7854,0,0.0012384996528196591,-0.020482006844229225,0.6693834396264726,0.6099044878410342,0.08885632399066912,60.47304830361619,0.014477972834063482,-0.02279029925940972,0.8420140354815489,0.74957326959619,0.10978530284532828,51.09438918169045
0.7525_0.5000_-0.7854_18_1.dat,0.7525,0.5000,-0.7854,1,-0.005179309188851445,-0.0004463700121718428,0.9327899846891666,0.43597816983093746,0.5326084359962138,-48.15545770097398,0.007698523576800545,-0.0011601563681446915,1.1370031246785397,0.757697064088423,0.3336015991137724,-50.36098348558073
0.9900_0.8000_-1.5708_16_0.dat,0.9900,0.8000,-1.5708,0,0.0003807615230461075,-0.022725450901803522,0.7666557550139155,0.1677298629945423,0.7812188040100242,-89.20024346887296,0.01303070516375565,-0.027624595724284294,0.9735268586248922,0.7120670272292815,0.2685697154415678,-89.48552270366822
0.9900_0.2000_0.0000_16_1.dat,0.9900,0.2000,0.0000,1,0.002024048096192305,-0.005178356713426838,0.8047502471959976,0.6155936343474139,0.23505008356029056,-4.663428233800204,0.012659994854073358,0.002031792745961566,1.034410073584987,0.8135447486187358,0.21351814972256744,-0.5581343815094044
0.2775_0.2000_-0.7854_18_1.dat,0.2775,0.2000,-0.7854,1,0.004052756300988989,0.008984082149744985,1.250357538852471,0.9470204426957278,0.24260028570318704,-56.415389168238534,0.0018853921101361327,-0.003134297434037512,1.3370614318103007,1.2459395522395833,0.06815085485439798,-49.636807618994624
0.5150_0.2000_0.0000_11_1.dat,0.5150,0.2000,0.0000,1,-0.013927855711422923,0.018372745490981987,0.9938352178184312,0.8105167215090634,0.184455625060028,-2.0258293910361544,-0.016464625517543373,0.024221669544406677,1.2105079967270103,0.9831569389020025,0.18781458564480613,17.818496790843625
0.0400_0.5000_0.7854_16_1.dat,0.0400,0.5000,0.7854,1,-0.024337793520799532,-0.026080762139756405,1.2679231018867358,0.6360216190626485,0.498375242066167,44.266073736865394,-0.02108319691189715,-0.026323477866592206,1.434547516225803,0.855442103329091,0.4036850688782334,49.69258213415378
0.9900_0.2000_-1.5708_16_0.dat,0.9900,0.2000,-1.5708,0,-0.000977955911823616,-0.04222444889779551,0.7811280359243925,0.6298444011485791,0.19367328762791525,-89.76546063417473,-0.014840937117308281,-0.04599542061758216,0.9628024833343394,0.781896588427357,0.1878951270259257,47.57865834925832
0.5150_0.3500_0.0000_10_0.dat,0.5150,0.3500,0.0000,0,-0.006693386773547177,-0.009509018036072174,0.9080504714687478,0.6464757048025317,0.2880619248433689,-4.797037202873895,-0.007434801184779049,-0.0003677218821389228,1.0099121704820975,0.7136467345226863,0.2933576251665372,1.5907923362244958
0.0400_0.3500_0.0000_13_0.dat,0.0400,0.3500,0.0000,0,-0.007194388777555194,0.0192264529058116,1.3396042258014413,0.880068298649692,0.3430385768429657,1.2735816360344643,-0.02726852729167917,0.02233470030714795,1.422535100368674,1.0287715261164487,0.27680411833084095,4.960785663333979
0.9900_0.8000_-0.7854_10_0.dat,0.9900,0.8000,-0.7854,0,0.020430993128552347,-0.026076510996783195,0.7743372244180319,0.14937967851711084,0.8070870496644662,-47.19852083447063,0.015114709297635094,-0.017400574681366136,0.9284045334411822,0.3417427818646993,0.6319031526073974,-43.53059210777809
0.9900_0.2000_1.5708_15_1.dat,0.9900,0.2000,1.5708,1,0.010228456913827642,0.021623246492985894,0.7846785468194984,0.6045356898884241,0.22957535625414904,89.05202807057408,0.003791215381201384,0.029213282625869502,0.9194413200295333,0.8703501619770156,0.0533923775047882,56.89951513985596
0.2775_0.8000_-0.7854_18_1.dat,0.2775,0.8000,-0.7854,1,0.01759973190849078,-0.014397204202114806,1.1673922073398053,0.2229829579978818,0.8089905375452144,-44.790565020334924,0.035857421899711035,-0.031386918602602225,1.3404342088588206,0.8508871811803241,0.36521525968460067,-40.20164236461096
0.0400_0.2000_-1.5708_18_0.dat,0.0400,0.2000,-1.5708,0,-0.005258517034068119,0.03567134268537082,1.2642486444892689,0.9123531259895967,0.2783435996024587,-84.63991717750643,-0.0014671042929998534,0.02483449786325336,1.4437573854128816,1.0493435166994607,0.27318569774839807,-76.55508494234007
0.2775_0.2000_-1.5708_11_0.dat,0.2775,0.2000,-1.5708,0,0.021194388777555143,-0.008036072144288491,1.2318765177347353,0.9751949912674255,0.20836627922684536,80.78727719663976,0.022463034675076026,0.005972331966639734,1.32177381900874,1.093979962488799,0.17233951319354646,83.02960380602568
0.0400_0.5000_-0.7854_12_0.dat,0.0400,0.5000,-0.7854,0,0.006667209229424182,-0.010790817913297683,1.1957707053480233,0.6560974812053478,0.45131831857814764,-43.53994670747349,0.0018418164395747573,-0.01794398297541636,1.2351414583820048,0.8584268834085802,0.3049971097779428,-41.087101266717696
0.2775_0.5000_-0.7854_12_0.dat,0.2775,0.5000,-0.7854,0,0.01614017282107161,-0.018435790026526986,1.1549302861424084,0.562789970680955,0.5127065439068759,-43.61588167202211,0.013730417431879544,-0.010131324890327283,1.202254231786685,0.7313944121346143,0.39164746291000363,-45.98750921342645
0.2775_0.2000_1.5708_12_0.dat,0.2775,0.2000,1.5708,0,-0.015214428857715446,0.01292585170340673,1.0811220535320174,0.9128587060759037,0.15563769780331338,89.95350032146958,-0.02657600720635763,0.01440675453400993,1.1128840902618993,1.1092654544973017,0.0032515836970460343,-45.16604940770634
0.0400_0.2000_0.7854_15_0.dat,0.0400,0.2000,0.7854,0,-0.008493783660184759,0.030571386166971047,1.1896158349547024,0.9900408233749117,0.1677642527239812,30.986719581593718,0.017426831975631874,0.05984491568511171,1.378939521790453,1.040888118307636,0.24515317614791532,49.10161189932224
0.5150_0.2000_1.5708_14_1.dat,0.5150,0.2000,1.5708,1,-0.003927855711422875,0.012945891783567053,1.066458564736836,0.8071915859364576,0.24311022235013546,78.3212618687208,0.012453823322458275,-0.0030085886650209727,1.1888896503760167,0.9902973672913977,0.16704013111882088,67.03956343147436
0.7525_0.8000_-0.7854_11_0.dat,0.7525,0.8000,-0.7854,0,-0.0033045551377295646,0.008456940421084868,0.7739211787550229,0.16544391487048138,0.7862264021038621,-44.5462353921892,0.005833134931156689,0.009307746995288708,0.9605169591171037,0.4474223792793061,0.5341858620689304,-42.89538251130443
0.5150_0.5000_-0.7854_13_0.dat,0.5150,0.5000,-0.7854,0,0.00438576250054574,-0.013242310361098743,1.090711745583281,0.4937368024752368,0.5473260423988552,-44.31170905438324,-8.62550263281625e-05,-0.011670563957709434,1.201917927916629,0.8652926778243831,0.2800734079037682,-44.81191256501873
0.5150_0.8000_1.5708_14_0.dat,0.5150,0.8000,1.5708,0,-0.00335871743486976,-0.024609218436873824,1.029970638159284,0.22534823332249296,0.7812090704593047,-89.33406496513167,-0.012773327462892503,-0.03155825632557407,1.24978893700321,0.49777997222922754,0.6017087705842374,-87.38357642289918
0.2775_0.6500_0.0000_19_1.dat,0.2775,0.6500,0.0000,1,-0.030561122244489057,0.005477955911823639,1.1723936382800035,0.39960090188809705,0.6591580772526675,1.2004775050544652,-0.012392523141399086,0.007401924857021386,1.2484296137199522,0.7784778531775883,0.3764343262749481,2.7217177116492905
0.7525_0.5000_-1.5708_10_0.dat,0.7525,0.5000,-1.5708,0,-0.010751503006012065,0.004989979959919912,0.9148056723657955,0.4140677762522789,0.5473707818388895,-85.01139776484567,-0.012987021004877721,0.000511080398881647,1.0013013540071933,0.6587917225955543,0.3420644844241152,-87.01426232211819
0.9900_0.3500_-0.7854_19_1.dat,0.9900,0.3500,-0.7854,1,-0.007868865643144166,-0.014642353446894952,0.6874257390365881,0.4592550558854324,0.33192048274324415,-34.45949913118446,-0.008873405353952344,-0.022752406568739274,1.0311544666838737,0.7116044246644517,0.3098954156180638,-40.55508942009968
0.9900_0.3500_0.0000_19_1.dat,0.9900,0.3500,0.0000,1,0.0027855711422844916,0.012101202404809573,0.8102984982506807,0.437951410135073,0.4595184230495949,-6.677950518932761,-0.0163317317552876,0.022856177216328218,1.0861005696446409,0.68923858028736,0.36540077452231645,-23.560888663792554
0.2775_0.5000_-1.5708_13_0.dat,0.2775,0.5000,-1.5708,0,-0.00905811623246497,-0.014929859719438792,1.1136454303038485,0.5437981813110059,0.5116954045574136,-88.34059501719551,-0.022641823795950207,-0.0360444607447005,1.2562804503304292,0.7690325564421858,0.38784961889686853,86.92448346899647
0.7525_0.6500_-0.7854_18_0.dat,0.7525,0.6500,-0.7854,0,-0.0098350192681869,0.00663107451415326,0.9185579225324816,0.32130251918440095,0.6502098438184891,-43.83834860624782,0.0016291630580369853,0.0003618928389483367,1.0562000762792827,0.7601729077565154,0.280275655314847,-57.628459451972944
0.0400_0.6500_0.0000_15_0.dat,0.0400,0.6500,0.0000,0,-0.03392785571142293,-0.00036472945891783906,1.218689996708762,0.4423122396469159,0.6370592678684159,0.5701585575941976,-0.036990516017264365,0.005915690390346637,1.3322639480478056,0.646024324142298,0.5150928424589354,2.812065727190685
0.5150_0.3500_1.5708_16_0.dat,0.5150,0.3500,1.5708,0,-0.006499999999999966,0.013507014028056034,0.9575359961649657,0.6061109290503335,0.36700977145728964,85.19713989854469,-0.00499811897258472,0.024830768825716266,1.1088231389332428,0.7930869232178379,0.28474894203521295,76.24438602495219
0.5150_0.3500_-0.7854_19_1.dat,0.5150,0.3500,-0.7854,1,0.021430011727222687,0.0003443425808183409,0.9703202154923342,0.6924418172823599,0.2863780366247245,-35.075288141135275,0.005634626634760238,-0.01465575862357353,1.115157682729547,0.9875461749141075,0.11443359965299948,-19.03268401227629
0.2775_0.6500_-0.7854_18_0.dat,0.2775,0.6500,-0.7854,0,-0.00749051391854133,0.026972085116442418,1.2015504207832166,0.4355950906463477,0.6374724829588008,-45.587467650383104,-0.01738696453683509,0.0032317902767828133,1.3266059222861317,1.0029252969472144,0.24399154255328548,-47.7522259077098
0.9900_0.6500_-1.5708_12_0.dat,0.9900,0.6500,-1.5708,0,0.0018797595190380722,-0.0075551102204408,0.915197663137403,0.2862259407157086,0.687252325651168,-89.90195969067035,0.0028921350062423037,-0.01963942672871792,1.0865514267618939,0.597092622306715,0.45046998457666054,-86.51804299749992
0.2775_0.5000_-1.5708_15_1.dat,0.2775,0.5000,-1.5708,1,-0.011663326653306653,0.039699398797595264,1.1830951987374951,0.6047288760489552,0.48885865085559166,86.9134492054572,-0.004071465999988992,0.049931676730648335,1.268868074983048,1.0126032170417205,0.2019633585191678,-81.48791161439195
0.7525_0.3500_-1.5708_19_1.dat,0.7525,0.3500,-1.5708,1,-0.003803607214428888,-0.023567134268536995,0.8311452257345168,0.6478748213716672,0.22050346761107376,87.0443366608562,-0.005279140012280328,-0.019830384944028667,1.1272456896769498,0.9116150996026996,0.19128978895101956,67.17246914962266
0.9900_0.6500_1.5708_10_1.dat,0.9900,0.6500,1.5708,1,0.007182364729458919,-0.01200400801603214,0.7762972749705586,0.2800539951145358,0.639243877127925,-89.30035524195841,0.003320250512922296,-0.012275798149749197,0.9790906513660408,0.6102234951495392,0.37674464126672336,-89.24925300566395
0.5150_0.2000_0.7854_13_1.dat,0.5150,0.2000,0.7854,1,0.045594925433784204,0.011540436124214865,1.093629363694856,0.7445329528682952,0.3192090688266902,38.91385683597619,0.05151569803361946,0.010483102641250595,1.2383294707183539,0.8549634528079185,0.3095832143024465,46.493768992284224
0.0400_0.8000_-1.5708_15_1.dat,0.0400,0.8000,-1.5708,1,-0.0015551102204408643,0.007535070140280642,1.2965503029210668,0.26624306264046965,0.7946527319143448,-88.11339778395828,0.0017221021156024114,-4.045908596219116e-06,1.2762693481948184,0.6157186359673604,0.5175637205122527,-88.99769334568676
0.2775_0.3500_1.5708_11_0.dat,0.2775,0.3500,1.5708,0,-0.001263527054108181,0.0001603206412824809,1.117717170440627,0.7906807052717383,0.29259321930248616,-78.46116183581142,-0.005373186576732976,-0.013968388313375817,1.1869753564827925,0.9261589368582264,0.21973195837646453,-68.0645702270473
0.9900_0.5000_0.7854_15_0.dat,0.9900,0.5000,0.7854,0,-0.012243291762428428,-0.013405270841733027,0.7523093433782312,0.348715633375562,0.5364730792659561,42.65944228485668,-0.018426226410750476,-0.012766624981659171,0.853774783822546,0.7755527093806822,0.09161909665643386,48.83702729962135
0.5150_0.5000_-1.5708_11_0.dat,0.5150,0.5000,-1.5708,0,0.0026252505010019604,0.010981963927855793,0.9592855888527713,0.4843091044385683,0.4951356404532635,-88.86258631924103,-0.0007298176216325586,0.01731199340272254,1.0781180908171435,0.7161940292371812,0.33569983164427497,-87.98850817506492
0.5150_0.6500_0.0000_14_0.dat,0.5150,0.6500,0.0000,0,-0.012605210420841763,-0.00617234468937876,1.1246836494564374,0.3997464563357022,0.6445698694660488,-0.6240712581560217,-0.016740937683203297,-0.005739339247987352,1.2339926022783705,0.7079752348537742,0.42627270735123457,0.3797898058639646
0.2775_0.8000_0.0000_15_1.dat,0.2775,0.8000,0.0000,1,0.03983967935871736,-0.0021282565130260316,1.1379603179068156,0.2350616013907511,0.7934360296296381,-1.4403030941508632,0.0569419674679805,-0.008031989706020396,1.2385073281764982,0.6627786294024888,0.4648569174166106,-7.623643838951665
0.2775_0.8000_0.7854_19_1.dat,0.2775,0.8000,0.7854,1,0.040519060723944095,0.04118790721837307,1.1816699649100353,0.21683598368089158,0.816500384946824,44.77411075322007,0.04431043294073492,0.03645345326741611,1.2585920553443388,0.9237832467418744,0.2660185301351389,55.643700105937775
0.2775_0.8000_-1.5708_12_0.dat,0.2775,0.8000,-1.5708,0,-0.005571142284569122,0.019659318637274627,1.1717984747236698,0.23395337034474298,0.8003467529688386,89.88203933402586,-0.002283204736694947,0.0036283746566878527,1.3534320421015742,0.657521588837054,0.5141820435874478,89.49667867040566
0.2775_0.8000_0.0000_19_0.dat,0.2775,0.8000,0.0000,0,-0.043587174348697466,0.001647294589178376,1.1197887114053864,0.23650990495472182,0.7887905972387497,2.1800991587719807,-0.04077661934424329,0.003249015084633987,1.285019703244632,0.6757451951688958,0.47413631599370687,-0.7792641934903486
0.5150_0.5000_1.5708_18_1.dat,0.5150,0.5000,1.5708,1,0.0037975951903808027,0.015370741482965853,0.9776322675433874,0.5366269933165799,0.4510952521391032,89.17028206717926,-0.009573386785396949,0.021446666523956534,1.13457892372561,0.8330746136851617,0.265741151836666,86.75112873206311
0.5150_0.8000_0.0000_10_1.dat,0.5150,0.8000,0.0000,1,0.00677354709418829,0.004492985971943904,0.9963291920309009,0.1968299425203784,0.802444870536049,-1.5335571587130516,0.02041006281730522,-0.013948473725198902,1.1581585010651017,0.614551921939994,0.4693714881211677,-4.569377793832132
0.9900_0.5000_1.5708_18_1.dat,0.9900,0.5000,1.5708,1,-0.0016232464929859314,0.020220440881763443,0.7189603023987922,0.36817819147721353,0.4879019185777064,-81.88536488514514,-0.008461751563755001,0.029595055255232695,0.9868480559318022,0.7966489254832909,0.1927339566666334,-88.84135451158816
0.2775_0.3500_0.0000_10_1.dat,0.2775,0.3500,0.0000,1,0.028376753507013942,0.014432865731462892,1.201762332162429,0.8426776076227146,0.298798452014704,4.723554513790361,0.031222332128218334,0.0033535476832128276,1.2188648502316228,0.9886131558071334,0.1889066653950472,6.590072431843993
0.5150_0.3500_0.0000_19_1.dat,0.5150,0.3500,0.0000,1,-0.03539078156312633,-0.0012114228456914127,1.0116767300799607,0.6739149906551853,0.3338633076971924,6.857374823067772,-0.03056430865724392,0.01095357451587825,1.2799101905771122,0.9848814062207942,0.23050741101083772,-30.920011221155136
0.5150_0.8000_0.0000_10_0.dat,0.5150,0.8000,0.0000,0,0.00018036072144280156,-0.003775551102204392,1.0036401967768744,0.20256380086417392,0.7981708967868222,0.3913535521531344,0.00024649505585078,0.011389904147193425,1.0807828742917602,0.5552008735201377,0.4862974916363638,0.7078943417331232
0.7525_0.6500_1.5708_11_1.dat,0.7525,0.6500,1.5708,1,0.0018306613226452978,0.003987975951903726,0.9476419332224313,0.31651094116638373,0.6660015454464994,89.43154670603022,0.0009588623786046275,0.002340132110051405,1.0139675342401704,0.6047541614663472,0.4035764055113189,86.01820090753516
0.2775_0.6500_-1.5708_17_0.dat,0.2775,0.6500,-1.5708,0,0.008010020040080152,0.006232464929859797,1.1759440623718023,0.4173379056059857,0.645103947577028,-88.91489829317938,0.011054100766654966,-0.006875938347326512,1.2501278157249462,0.7394822614260976,0.40847467584962616,-85.13318390269099
0.5150_0.6500_0.7854_16_0.dat,0.5150,0.6500,0.7854,0,0.013109107881275998,0.011660885175118365,0.9037653557790903,0.32347754408557666,0.6420779552821838,40.135935208964185,0.024752920824430803,0.001477687008456962,1.1276611664506995,0.6606066146623611,0.41417986686407504,37.577689059970226
0.0400_0.6500_-0.7854_18_0.dat,0.0400,0.6500,-0.7854,0,0.001009646456102968,0.013819757281606877,1.2075248997664962,0.4287325968695262,0.6449492702366371,-42.03830480524621,0.018928837197551115,-0.010944002618159128,1.4452820429469189,0.7272819194617457,0.49678893264402324,-38.9394311856455
0.5150_0.5000_0.0000_15_1.dat,0.5150,0.5000,0.0000,1,-0.001022044088176437,-0.01903807615230465,0.9368173410563901,0.5179594605800585,0.44710730909828367,2.9511471296182776,0.023293064858333642,-0.007702791200633968,1.119371944814208,0.8135814258599555,0.27318043870128195,-9.901822394387239
