Name            lon     lat     age      H      Name  e_c  err_e  q_core  eall e_eall  qall  acore bcore aall ball
ASCC10          155.723 -17.77  8.599 -205.1  121.0 0.182 0.045 -10.040 0.264 0.145  -3.115 0.497 0.406 1.635 1.203
ASCC101          68.028  11.608 8.694   79.9   82.0 0.354 0.041  13.013 0.432 0.341   5.701 0.406 0.262 1.392 0.791
ASCC105          62.825   2.063 7.994   19.9  266.0 0.197 0.019  -9.999 0.075 0.115  32.601 0.677 0.544 2.373 2.196
ASCC108          74.378   6.074 7.911  122.1  487.0 0.418 0.026  -0.084 0.219 0.093 -10.958 0.570 0.332 1.855 1.449
ASCC113          82.877  -6.589 8.629  -64.1  258.0 0.082 0.110 -11.375 0.055 0.088  15.230 0.436 0.401 1.187 1.122
ASCC114          97.082   1.028 7.746   16.4  211.0 0.196 0.038 -22.807 0.206 0.167   0.400 0.178 0.144 0.545 0.433
ASCC115          97.528  -2.504 8.022  -32.6   60.0 0.370 0.084  -1.001 0.475 0.029   0.459 0.318 0.200 0.995 0.522
ASCC128         109.77   -6.078 8.486  -68.9  110.0 0.174 0.071   0.110 0.155 0.179  41.792 0.610 0.504 1.487 1.256
ASCC13          163.502   3.122 7.647   58.7  244.0 0.068 0.077 -44.434 0.218 0.057  24.818 0.406 0.379 1.618 1.265
ASCC16          201.139 -18.373 7.047 -109.9  386.0 0.098 0.101  10.400 0.254 0.074 -37.562 0.379 0.341 1.248 0.931
ASCC19          204.914 -19.438 7.086 -119.0  393.0 0.343 0.440  11.134 0.023 0.036  38.023 0.741 0.487 1.803 1.762
ASCC21          199.938 -16.598 7.032  -98.7  238.0 0.394 0.503  -1.919 0.145 0.084  11.800 0.593 0.359 1.119 0.957
ASCC23          167.472  14.416 8.48   153.4  160.0 0.056 0.012 -25.310 0.079 0.112  14.840 0.340 0.321 0.920 0.847
ASCC29          214.743  -0.128 7.95    -2.3  137.0 0.185 0.264 -10.657 0.166 0.198  29.021 0.195 0.159 0.488 0.408
ASCC32          237.976  -9.433 7.404 -130.2  668.0 0.279 0.070 -25.869 0.068 0.035 -23.745 0.615 0.443 1.627 1.516
ASCC41          219.206  12.333 8.04    63.2  130.0 0.404 0.034   2.399 0.401 0.142  -1.836 0.731 0.436 1.979 1.184
ASCC58          281.671   1.263 7.826   10.5  185.0 0.082 0.035 -21.575 0.136 0.169 -18.052 0.465 0.427 1.489 1.286
ASCC6           130.369  -4.34  7.677 -116.4  218.0 0.057 0.028 -18.735 0.203 0.144 -21.821 0.156 0.147 0.578 0.460
ASCC71          299.936  -4.82  8.051 -103.2  249.0 0.261 0.033 -14.963 0.195 0.100 -16.852 0.235 0.174 0.773 0.622
Alessi1         123.255 -13.335 8.935 -162.5   63.0 0.422 0.058  17.388 0.219 0.251 -10.205 0.310 0.179 0.691 0.540
Alessi10         31.597 -21.058 7.746 -158.8   75.0 0.262 0.018  -6.236 0.259 0.202 -10.651 0.250 0.185 0.848 0.629
Alessi12         67.488 -11.405 8.089 -197.2  349.0 0.205 0.030 -18.994 0.234 0.125 -23.540 0.619 0.492 1.977 1.514
Alessi19         40.403  12.71  7.38   126.5  181.0 0.417 0.037   0.105 0.319 0.165   2.112 0.936 0.545 3.082 2.098
Alessi2         152.333   6.365 8.759   68.5  276.0 0.280 0.036 -12.179 0.422 0.245   6.858 0.529 0.381 1.962 1.133
Alessi21        223.457  -0.014 7.816   -0.1  193.0 0.142 0.057   0.540 0.225 0.104  16.467 0.348 0.299 1.160 0.900
Alessi24        328.984 -14.572 7.945 -120.5  191.0 0.411 0.013   9.869 0.568 0.469  -0.384 0.679 0.400 2.304 0.996
Alessi37        101.732 -11.38  8.125 -139.7  202.0 0.135 0.025  -3.547 0.085 0.193 -39.040 0.310 0.268 1.062 0.972
Alessi5         288.058  -1.966 7.723  -13.6  308.0 0.174 0.009 -29.674 0.293 0.123  -1.436 0.435 0.359 1.327 0.938
Alessi6         313.643  -5.544 8.777  -85.5  294.0 0.097 0.011  -6.524 0.256 0.263   1.431 0.280 0.252 1.078 0.802
Alessi60        215.188   1.944 8.338   92.9  279.0 0.129 0.038  44.326 0.077 0.096   0.183 0.060 0.052 0.179 0.166
Alessi62         52.816   8.685 8.964   93.2  162.0 0.265 0.041 -17.753 0.394 0.098 -11.724 0.231 0.170 0.773 0.468
Alessi8         326.501   4.259 8.137   49.2   82.0 0.240 0.029  -0.251 0.054 0.176   8.270 0.249 0.189 0.682 0.646
AlessiTeutsch11  87.435   9.268 8.179  104.0  137.0 0.179 0.185  38.277 0.136 0.231  41.512 0.226 0.185 0.686 0.592
AlessiTeutsch12 330.635 -10.337 7.977 -108.1  103.0 0.380 0.030 -18.957 0.241 0.129 -26.133 0.727 0.451 2.094 1.590
AlessiTeutsch3  266.426 -12.849 7.986 -153.8  124.0 0.186 0.033   3.647 0.285 0.140   3.796 0.395 0.321 1.384 0.989
BH111           291.956  -3.161 8.438 -149.7   83.0 0.269 0.088  18.590 0.083 0.107  36.909 0.031 0.022 0.067 0.062
BH164           314.323  -6.235 7.81   -45.4  225.0 0.186 0.048 -14.461 0.412 0.272  -3.032 0.488 0.397 1.742 1.025
BH99            286.585  -0.592 7.908   -4.6  415.0 0.254 0.022 -12.713 0.427 0.366 -24.599 0.413 0.308 1.465 0.840
Basel11b        187.442  -1.117 8.482  -34.6  149.0 0.267 0.041  23.341 0.277 0.122   7.138 0.078 0.057 0.252 0.182
Basel4          179.305   1.272 8.135   70.4  162.0 0.209 0.238  23.411 0.122 0.039  27.202 0.049 0.039 0.134 0.118
Berkeley58      116.754  -1.319 7.7    -74.1  322.0 0.237 0.255 -14.414 0.096 0.146 -34.528 0.059 0.045 0.192 0.173
Berkeley61      122.613   4.329 8.165  223.3   82.0 0.170 0.026  25.773 0.064 0.223  -0.512 0.030 0.025 0.089 0.083
Bochum3         218.767   0.372 7.576   13.6  135.0 0.222 0.086  27.945 0.042 0.025 -26.587 0.054 0.042 0.147 0.141
Collinder140    244.943  -7.818 7.473  -51.9  176.0 0.158 0.031  22.827 0.175 0.276 -19.083 0.537 0.452 1.740 1.436
Collinder185    255.067   0.545 7.698   14.5  136.0 0.334 0.094  33.016 0.030 0.100 -23.803 0.124 0.083 0.325 0.316
Collinder258    299.974   1.966 7.834   43.2  274.0 0.164 0.036 -23.000 0.124 0.126 -31.422 0.109 0.091 0.400 0.351
Collinder268    305.537  -4.343 8.384 -196.2  272.0 0.110 0.023 -26.072 0.057 0.080  24.919 0.054 0.048 0.168 0.158
Collinder292    325.04   -2.584 8.697  -80.9  328.0 0.203 0.014  15.796 0.152 0.097  23.775 0.135 0.108 0.479 0.406
Collinder338    351.74   -3.236 8.373  -36.4  108.0 0.063 0.096  26.353 0.066 0.122 -41.930 0.239 0.224 0.661 0.617
Collinder394     14.869  -9.268 7.969 -113.7  240.0 0.506 0.118   0.616 0.144 0.056  14.074 0.279 0.138 0.461 0.394
Collinder463    127.391   9.358 8.427  139.4  534.0 0.219 0.036  -2.522 0.259 0.288  -1.162 0.421 0.328 1.346 0.997
Czernik12       138.105  -4.737 9.04  -161.5   77.0 0.094 0.083  42.673 0.080 0.061 -33.185 0.062 0.056 0.201 0.185
Czernik19       174.096  -8.862 8.003 -388.9  184.0 0.118 0.022  11.151 0.109 0.112  -1.289 0.083 0.073 0.274 0.244
Czernik25       202.41   -5.135 8.56  -191.7  214.0 0.066 0.033  -0.977 0.118 0.100  16.934 0.046 0.043 0.168 0.148
Czernik27       208.585   5.538 9.065  386.2  127.0 0.203 0.223   6.766 0.182 0.136  16.168 0.035 0.028 0.112 0.092
Czernik31       236.27    0.266 7.329   14.4  240.0 0.143 0.136  -4.058 0.158 0.192 -14.322 0.055 0.047 0.209 0.176
ESO16604        273.886  -3.98  8.204  -77.5   47.0 0.574 0.238  33.819 0.162 0.069   1.254 0.088 0.037 0.125 0.105
ESO36811        249.378  -5.252 9.011 -199.7  143.0 0.097 0.035  -3.712 0.049 0.228 -11.601 0.050 0.045 0.150 0.143
FSR0357         103.098  -3.418 7.881 -240.8   78.0 0.073 0.082  42.217 0.111 0.176  14.639 0.018 0.017 0.058 0.052
FSR0716         162.252   3.619 8.868  224.8  224.0 0.164 0.026  -1.828 0.106 0.127   5.481 0.058 0.049 0.177 0.158
FSR0735         164.181  -1.835 8.445  -92.9  255.0 0.175 0.029 -38.865 0.123 0.044 -13.365 0.061 0.051 0.223 0.196
FSR0771         172.257  -5.663 8.195 -152.6   78.0 0.236 0.036   6.160 0.205 0.159  -2.683 0.141 0.107 0.382 0.303
FSR0866         186.323  13.841 9.255  284.4  128.0 0.205 0.215  -8.862 0.069 0.077  36.114 0.078 0.062 0.196 0.183
FSR0951         196.609   0.351 8.589   10.5  312.0 0.178 0.034   9.142 0.169 0.150  -8.454 0.159 0.131 0.520 0.432
FSR0968         197.802  -3.311 7.912 -140.4   78.0 0.341 0.090 -21.270 0.268 0.187  -0.444 0.061 0.040 0.144 0.106
FSR1063         211.248  -3.863 8.403 -159.5  103.0 0.225 0.237 -33.893 0.046 0.150 -40.852 0.055 0.043 0.162 0.154
FSR1085         213.299   0.295 7.825    8.2  124.0 0.192 0.042  38.866 0.181 0.080  14.676 0.046 0.037 0.137 0.112
FSR1144         219.486  -1.744 7.611  -56.3  128.0 0.204 0.206   8.684 0.136 0.213  38.194 0.051 0.041 0.174 0.151
FSR1211         227.247   6.516 9.028  357.4   91.0 0.104 0.035  40.171 0.300 0.339 -44.401 0.047 0.043 0.150 0.105
FSR1252         233.063  -1.823 8.82  -108.8  190.0 0.060 0.055   2.343 0.116 0.086  15.044 0.045 0.042 0.157 0.139
FSR1360         251.068  -2.13  8.193  -92.0  135.0 0.308 0.357  32.588 0.126 0.103 -21.113 0.062 0.043 0.125 0.110
FSR1723         333.026   5.853 8.452  152.0  138.0 0.214 0.028 -16.194 0.139 0.142 -40.913 0.043 0.034 0.139 0.119
Ferrero11       208.131  -7.899 8.554 -108.3  102.0 0.169 0.027   6.753 0.234 0.196   0.414 0.207 0.172 0.706 0.541
Gulliver1       286.514   1.795 9.153   88.9  321.0 0.267 0.014 -24.062 0.191 0.094  -6.937 0.080 0.059 0.327 0.264
Gulliver20       38.831  13.069 8.289   95.2   92.0 0.326 0.143  15.105 0.234 0.204   8.798 0.781 0.526 2.008 1.537
Gulliver21      237.519  -7.965 8.472  -90.4  174.0 0.289 0.022 -12.040 0.367 0.208 -10.320 0.365 0.260 1.290 0.816
Gulliver36      252.834  -0.537 9.053  -12.4  135.0 0.291 0.029  27.038 0.055 0.289  43.715 0.153 0.109 0.399 0.378
Gulliver44      257.143   0.452 9.182    9.7  198.0 0.279 0.037  37.677 0.229 0.184  14.252 0.174 0.125 0.523 0.403
Gulliver9       265.037  -5.429 7.154  -47.0  315.0 0.211 0.201  35.819 0.065 0.236  -5.030 0.553 0.436 2.083 1.947
Haffner13       245.035  -3.656 7.497  -36.0  243.0 0.521 0.118  27.098 0.356 0.141  -1.741 0.430 0.206 0.962 0.619
Haffner14       243.987  -2.082 8.291 -142.3  713.0 0.124 0.037  -5.680 0.042 0.049 -34.559 0.084 0.074 0.336 0.322
Haffner21       244.846   1.636 8.478   90.6  119.0 0.089 0.036  30.387 0.039 0.091  17.748 0.030 0.027 0.093 0.089
Haffner22       246.783   3.366 9.276  163.9  356.0 0.099 0.132 -27.195 0.097 0.047   7.091 0.069 0.062 0.211 0.190
Haffner23       229.987  -3.729 8.699 -136.3  302.0 0.124 0.121  28.063 0.108 0.049  -2.713 0.136 0.119 0.411 0.367
Haffner26       249.623   2.328 8.708  122.2  247.0 0.397 0.061   5.429 0.152 0.029   9.054 0.099 0.060 0.193 0.164
Haffner3        219.831   0.01  8.64     0.4  122.0 0.206 0.067 -37.068 0.396 0.518  23.130 0.045 0.036 0.182 0.110
Haffner6        227.864   0.226 8.734   16.9  427.0 0.086 0.041  23.891 0.129 0.102  18.285 0.053 0.048 0.191 0.167
Haffner9        231.795  -0.586 8.648  -28.0  195.0 0.220 0.023   9.120 0.050 0.145   1.122 0.037 0.029 0.118 0.112
Harvard10       329.885  -3.365 7.899  -40.6  206.0 0.136 0.039  -8.914 0.123 0.271  41.663 0.260 0.224 0.796 0.698
Harvard5        299.984   1.964 7.812   43.2  113.0 0.349 0.079 -21.758 0.075 0.053  -6.293 0.078 0.051 0.166 0.154
IC1369           89.606  -0.398 8.462  -23.9  311.0 0.186 0.023  16.235 0.189 0.159  11.473 0.041 0.033 0.147 0.119
IC2157          186.34    1.243 7.618   45.5   95.0 0.265 0.064 -42.714 0.242 0.330  15.518 0.072 0.053 0.195 0.148
IC2391          270.386  -6.737 7.561  -17.7  224.0 0.096 0.026 -13.085 0.156 0.137  -0.203 0.664 0.601 1.878 1.585
IC2488          277.812  -4.442 8.2   -103.7  648.0 0.111 0.112 -37.028 0.058 0.087  -4.356 0.160 0.142 0.542 0.511
IC2602          289.565  -4.955 7.547  -13.1  311.0 0.079 0.057   0.690 0.343 0.123 -24.511 1.045 0.963 3.331 2.189
IC2714          292.401  -1.784 8.55   -41.6 1075.0 0.028 0.045  27.754 0.071 0.082   3.271 0.107 0.104 0.363 0.338
IC4665           30.514  17.055 7.581  101.2  175.0 0.250 0.292   0.608 0.390 0.496  12.957 0.587 0.440 1.701 1.037
IC4725           13.701  -4.425 7.984  -50.0  635.0 0.071 0.070 -22.329 0.188 0.106  25.128 0.212 0.197 0.750 0.609
IC4756           36.322   5.325 8.987   43.7  545.0 0.204 0.051 -20.748 0.211 0.101 -26.205 0.463 0.369 1.433 1.132
King20          112.839  -2.861 8.543  -95.0  153.0 0.141 0.022 -15.218 0.062 0.145 -40.961 0.066 0.056 0.190 0.178
King4           136.054  -1.155 7.646  -49.5  222.0 0.100 0.102 -40.956 0.016 0.056  20.235 0.058 0.052 0.166 0.163
King6           143.345  -0.095 8.582   -1.2  241.0 0.139 0.141  -1.114 0.240 0.151  24.694 0.119 0.103 0.375 0.285
Koposov12       176.155   6.013 8.542  246.3  406.0 0.056 0.070  34.877 0.045 0.066  20.992 0.089 0.084 0.301 0.287
Loden1194       312.436   1.665 8.515   21.4  116.0 0.301 0.052 -10.351 0.088 0.245  13.307 0.286 0.200 0.769 0.701
Lynga1          310.842  -0.338 7.934  -13.1   60.0 0.425 0.061 -26.507 0.334 0.127   4.852 0.047 0.027 0.114 0.076
Lynga2          313.839  -0.44  7.933   -7.2  210.0 0.253 0.026  -1.049 0.076 0.165  26.116 0.179 0.134 0.482 0.445
Mamajek4        344.031 -16.989 8.824 -129.7  234.0 0.484 0.132   9.395 0.318 0.097   1.908 1.291 0.666 3.211 2.190
Melotte20       147.357  -6.404 7.938  -19.6  873.0 0.234 0.019 -12.533 0.338 0.102  -6.031 1.816 1.390 5.605 3.711
Melotte22       166.462 -23.614 7.937  -54.3 1061.0 0.262 0.070 -10.574 0.225 0.102  -9.222 1.069 0.789 3.295 2.552
Melotte71       228.951   4.506 9.112  169.7  689.0 0.036 0.042 -27.820 0.043 0.146 -41.377 0.059 0.057 0.198 0.189
NGC188          122.837  22.373 9.877  709.6  883.0 0.118 0.043  -6.912 0.141 0.124 -19.581 0.097 0.086 0.306 0.263
NGC225          121.96   -1.082 8.254  -12.9   66.0 0.300 0.118  13.536 0.334 0.076   2.488 0.187 0.131 0.475 0.316
NGC381          124.946  -1.219 8.699  -24.3  158.0 0.191 0.206  -3.648 0.050 0.127 -15.784 0.068 0.055 0.182 0.173
NGC581          128.047  -1.796 7.418  -78.0  306.0 0.256 0.260  42.912 0.081 0.078 -28.123 0.065 0.048 0.168 0.154
NGC752          136.959 -23.289 9.17  -174.3  253.0 0.375 0.028  -2.486 0.615 0.342   4.697 0.548 0.343 2.106 0.810
NGC1039         143.682 -15.646 8.101 -136.3  695.0 0.141 0.011  -6.581 0.258 0.078   2.846 0.391 0.336 1.166 0.865
NGC1220         143.039  -3.963 7.957 -212.0   73.0 0.161 0.028 -37.278 0.112 0.212 -10.221 0.019 0.016 0.059 0.053
NGC1528         152.069   0.274 8.596    4.9  393.0 0.177 0.023  13.264 0.247 0.183  -0.539 0.170 0.140 0.604 0.455
NGC1545         153.366   0.145 8.019    1.8  159.0 0.123 0.120  19.146 0.046 0.151 -13.417 0.222 0.195 0.672 0.641
NGC1582         159.357  -3.019 8.419  -51.5  155.0 0.339 0.060 -21.280 0.363 0.290 -11.527 0.262 0.173 0.724 0.461
NGC1662         187.795 -21.077 8.957 -148.1  241.0 0.244 0.021 -10.075 0.451 0.144  -1.158 0.568 0.430 2.104 1.155
NGC1664         161.67   -0.452 8.673  -10.3  374.0 0.064 0.030  15.665 0.052 0.144  28.554 0.087 0.081 0.269 0.255
NGC1750         179.119 -10.713 8.617 -133.7  512.0 0.123 0.024  26.731 0.263 0.126  21.522 0.384 0.337 1.308 0.963
NGC1758         179.158 -10.46  8.741 -160.4  174.0 0.281 0.037   6.198 0.138 0.129  -7.187 0.097 0.070 0.266 0.229
NGC1901         278.854 -33.631 8.918 -232.1   95.0 0.267 0.227 -23.194 0.521 0.043   5.710 0.576 0.422 1.670 0.800
NGC1912         172.27    0.681 8.706   13.2  807.0 0.152 0.050  16.330 0.047 0.082  -0.329 0.154 0.131 0.459 0.438
NGC1960         174.542   1.075 7.408   21.7  345.0 0.103 0.019  14.667 0.143 0.240   9.981 0.083 0.074 0.260 0.223
NGC2168         186.609   2.23  8.605   33.6 1705.0 0.059 0.020  -6.854 0.108 0.110 -37.414 0.226 0.213 0.773 0.689
NGC2184         209.592 -10.848 8.941 -108.3  166.0 0.138 0.009  20.880 0.335 0.215  29.020 0.477 0.411 1.857 1.235
NGC2215         215.985 -10.104 8.786 -167.1  187.0 0.122 0.014   2.217 0.092 0.215   6.756 0.184 0.162 0.643 0.584
NGC2251         203.613   0.111 8.489    2.8  199.0 0.342 0.051  -4.941 0.285 0.083  -1.973 0.114 0.075 0.377 0.270
NGC2281         174.925  16.889 8.779  150.9  417.0 0.257 0.022 -15.462 0.184 0.091  -8.043 0.360 0.268 1.036 0.845
NGC2287         230.98  -10.432 8.486 -130.4  680.0 0.247 0.025   0.737 0.231 0.080  -1.439 0.311 0.235 0.869 0.668
NGC2302         219.298  -3.121 7.873  -65.7  100.0 0.304 0.126 -21.613 0.254 0.100 -16.882 0.075 0.052 0.196 0.147
NGC2323         221.66   -1.315 7.975  -22.4 1272.0 0.015 0.015  -5.804 0.237 0.157 -38.239 0.196 0.193 0.841 0.641
NGC2343         224.271  -1.17  7.934  -22.0  128.0 0.277 0.077  26.184 0.053 0.123 -24.849 0.073 0.053 0.168 0.160
NGC2353         224.684   0.403 7.905    8.3  318.0 0.155 0.014  15.914 0.164 0.179  13.965 0.113 0.096 0.393 0.329
NGC2358         231.061  -2.269 8.701  -36.3  146.0 0.090 0.089 -10.862 0.083 0.142 -11.998 0.180 0.164 0.620 0.569
NGC2374         228.405   1.061 8.586   23.5  117.0 0.085 0.068  17.496 0.105 0.060  27.586 0.127 0.116 0.419 0.375
NGC2383         235.274  -2.455 8.222 -136.6  443.0 0.134 0.019 -22.744 0.135 0.141 -15.860 0.039 0.034 0.147 0.127
NGC2396         227.524   2.61  7.89    66.7  325.0 0.072 0.096   8.788 0.029 0.102  36.109 0.189 0.175 0.607 0.589
NGC2420         198.108  19.64  9.271  858.1  513.0 0.134 0.016 -13.021 0.118 0.137 -10.972 0.041 0.036 0.148 0.131
NGC2422         230.964   3.128 8.104   26.0  470.0 0.129 0.126   7.748 0.063 0.176  33.964 0.217 0.189 0.672 0.630
NGC2423         230.487   3.561 8.991   57.8  511.0 0.179 0.019  11.441 0.313 0.156  16.044 0.228 0.187 0.807 0.554
NGC2425         231.513   3.299 9.333  201.4  279.0 0.060 0.083 -16.153 0.108 0.144  20.429 0.034 0.032 0.116 0.103
NGC2432         235.474   1.779 8.848   59.5  267.0 0.126 0.154  17.323 0.130 0.112  -6.801 0.058 0.050 0.182 0.158
NGC2447         240.043   0.149 8.747    2.6  837.0 0.123 0.014  18.515 0.233 0.063  -5.636 0.160 0.140 0.527 0.404
NGC2448         240.846  -0.427 7.997   -8.2  252.0 0.361 0.066 -11.588 0.179 0.085 -14.698 0.295 0.188 0.703 0.577
NGC2451A        252.431  -7.276 7.647  -24.4  352.0 0.208 0.039  -2.733 0.282 0.140  -6.023 1.259 0.997 3.094 2.221
NGC2451B        252.309  -6.856 7.592  -43.5  325.0 0.345 0.087   4.934 0.199 0.204 -12.362 0.599 0.393 1.580 1.266
NGC2482         241.624   2.022 8.55    47.1  169.0 0.264 0.113 -23.499 0.124 0.064 -11.135 0.160 0.118 0.393 0.344
NGC2516         273.861 -15.873 8.4   -111.8 1106.0 0.145 0.169   5.712 0.076 0.049  18.709 0.283 0.242 0.979 0.904
NGC2527         246.069   1.872 8.919   20.9  400.0 0.263 0.016  -2.369 0.475 0.139  -6.652 0.384 0.283 1.474 0.774
NGC2546         254.919  -2.009 7.962  -33.0  300.0 0.297 0.107  20.864 0.221 0.104   9.262 0.292 0.205 0.651 0.507
NGC2547         264.446  -8.595 7.432  -57.9  247.0 0.250 0.063 -36.228 0.150 0.193 -24.047 0.254 0.190 0.702 0.596
NGC2567         249.793   2.975 8.542   90.8  194.0 0.034 0.120   6.581 0.068 0.046 -39.144 0.059 0.057 0.159 0.148
NGC2632         205.952  32.428 8.875   99.5  719.0 0.196 0.049   4.529 0.104 0.090  -1.207 0.857 0.689 2.501 2.241
NGC2645         264.793  -2.903 7.425  -91.8  139.0 0.190 0.241  23.066 0.088 0.039  36.918 0.040 0.032 0.109 0.100
NGC2658         254.561   6.071 8.701  468.6  526.0 0.110 0.122 -34.014 0.062 0.117   9.830 0.052 0.046 0.174 0.163
NGC2659         264.182  -1.671 7.434  -60.6  183.0 0.103 0.035 -38.973 0.138 0.158   5.049 0.047 0.042 0.152 0.131
NGC2669         270.829  -6.073 7.913 -121.1  267.0 0.082 0.017   3.157 0.142 0.248  36.637 0.097 0.089 0.310 0.266
NGC2682         215.691  31.921 9.561  454.3  848.0 0.250 0.029  13.491 0.120 0.100  -7.329 0.134 0.100 0.476 0.419
NGC2818         262.001   8.608 8.962  492.1  423.0 0.173 0.014 -33.541 0.175 0.149 -44.456 0.072 0.060 0.267 0.220
NGC2866         273.122  -0.766 7.718  -37.4  147.0 0.159 0.164  18.867 0.131 0.222  33.952 0.020 0.017 0.061 0.053
NGC2910         275.318  -1.164 7.678  -26.2  175.0 0.240 0.032 -35.562 0.050 0.096   5.466 0.050 0.038 0.125 0.119
NGC2925         275.956  -1.254 8.184  -16.5  110.0 0.046 0.056  12.372 0.248 0.044  43.265 0.134 0.128 0.352 0.265
NGC2972         274.691   1.759 8.642   59.9   93.0 0.089 0.055  25.039 0.085 0.144  27.665 0.031 0.028 0.094 0.086
NGC3228         280.763   4.486 7.424   37.9  123.0 0.183 0.036  -7.071 0.257 0.074 -20.220 0.389 0.318 1.267 0.941
NGC3330         284.183   3.818 7.769  114.5  369.0 0.076 0.013  -8.252 0.057 0.098 -23.469 0.134 0.124 0.581 0.548
NGC3496         289.504  -0.414 8.646  -17.2  762.0 0.121 0.029  -9.278 0.030 0.095  29.139 0.070 0.061 0.241 0.234
NGC3532         289.554   1.39  8.601   11.6 1981.0 0.074 0.031  19.341 0.120 0.045  -6.322 0.309 0.286 1.021 0.899
NGC4103         297.555   1.156 7.436   40.2  885.0 0.198 0.038  16.517 0.072 0.054  15.792 0.082 0.065 0.286 0.266
NGC4349         299.726   0.836 8.451   28.1  682.0 0.175 0.084 -18.046 0.036 0.044  26.079 0.069 0.057 0.173 0.166
NGC4439         300.071   2.647 7.778   91.8  109.0 0.193 0.204  29.011 0.097 0.027  -6.440 0.056 0.045 0.154 0.139
NGC4463         300.637  -2.024 7.54   -64.0  158.0 0.314 0.356   3.388 0.014 0.060  21.315 0.047 0.032 0.118 0.116
NGC4609         301.898  -0.141 7.523   -3.6  523.0 0.131 0.010 -37.527 0.073 0.102 -17.665 0.108 0.094 0.380 0.352
NGC4852         304.04    3.246 7.54    72.5  399.0 0.051 0.049  24.787 0.060 0.195  29.764 0.104 0.098 0.418 0.393
NGC5138         307.544   3.527 7.638  114.1  274.0 0.028 0.035 -36.591 0.120 0.128   9.319 0.079 0.077 0.287 0.252
NGC5281         309.147  -0.71  7.669  -19.6  166.0 0.215 0.067  14.817 0.030 0.113 -25.531 0.048 0.038 0.117 0.113
NGC5316         310.239   0.097 8.184    2.4  607.0 0.083 0.024   5.309 0.098 0.145  19.260 0.117 0.107 0.393 0.354
NGC5460         315.754  12.686 8.11   160.4  181.0 0.098 0.036  15.810 0.147 0.172 -22.417 0.223 0.201 0.677 0.577
NGC5617         314.676  -0.11  8.14    -4.5 1163.0 0.029 0.045   3.879 0.033 0.085  13.296 0.082 0.079 0.316 0.305
NGC5749         319.518   4.545 7.812   86.2  132.0 0.230 0.020  -7.668 0.170 0.078  -3.842 0.102 0.079 0.356 0.295
NGC5822         321.57    3.63  8.95    52.1  796.0 0.045 0.032  35.810 0.316 0.143   2.824 0.267 0.255 0.995 0.681
NGC6005         325.78   -2.989 8.988 -133.5  708.0 0.225 0.072  38.069 0.049 0.055 -26.051 0.054 0.042 0.163 0.155
NGC6025         324.536  -5.869 8.096  -78.8  420.0 0.116 0.022   4.787 0.078 0.151  -6.472 0.226 0.199 0.677 0.624
NGC6087         327.744  -5.417 8.046  -89.6  408.0 0.130 0.120 -43.605 0.048 0.122   6.953 0.168 0.146 0.580 0.552
NGC6152         332.939  -3.168 8.236  -88.8  793.0 0.034 0.073  27.152 0.067 0.044   9.392 0.166 0.161 0.537 0.501
NGC6192         340.647   2.14  8.251   62.3  585.0 0.189 0.211  36.523 0.193 0.235   8.032 0.071 0.058 0.216 0.174
NGC6204         338.552  -1.046 7.576  -21.9  268.0 0.140 0.030  16.417 0.161 0.069  34.746 0.044 0.038 0.157 0.132
NGC6208         333.754  -5.741 9.223 -116.5  532.0 0.083 0.015  11.856 0.069 0.150  16.889 0.138 0.127 0.509 0.474
NGC6242         345.454   2.464 7.767   54.8  676.0 0.215 0.041  19.689 0.117 0.100 -13.659 0.091 0.072 0.278 0.246
NGC6249         341.545  -1.202 7.316  -25.7   84.0 0.223 0.233   9.295 0.034 0.271   0.673 0.045 0.035 0.130 0.125
NGC6475         355.813  -4.513 8.477  -21.9 1555.0 0.118 0.012  18.887 0.210 0.061  14.020 0.803 0.708 2.377 1.877
NGC6494           9.878   2.858 8.68    36.1  940.0 0.153 0.049 -12.542 0.155 0.064  -6.508 0.245 0.208 0.762 0.644
NGC6531           7.656  -0.348 7.046   -7.3  711.0 0.212 0.021 -10.112 0.031 0.060  -8.188 0.122 0.096 0.464 0.449
NGC6633          36.122   8.347 8.888   56.8  233.0 0.165 0.060 -15.968 0.045 0.078  36.226 0.408 0.340 0.913 0.872
NGC6704          28.22   -2.217 8.237  -83.5  367.0 0.057 0.018  37.401 0.025 0.068  20.596 0.045 0.042 0.168 0.164
NGC6709          42.14    4.712 8.239   87.4  362.0 0.033 0.046 -37.842 0.053 0.121  -7.524 0.129 0.125 0.411 0.389
NGC6716          15.397  -9.565 7.932 -115.9  107.0 0.100 0.106 -37.279 0.171 0.035   7.969 0.086 0.077 0.246 0.204
NGC6728          25.778  -5.707 8.768 -176.1  421.0 0.082 0.027  28.347 0.103 0.173   3.319 0.128 0.117 0.464 0.417
NGC6791          69.964  10.906 9.927  857.3 1722.0 0.063 0.054  33.389 0.081 0.074  25.026 0.053 0.049 0.146 0.135
NGC6793          56.186   3.318 8.758   34.1  206.0 0.264 0.021   6.445 0.286 0.198  14.942 0.192 0.141 0.621 0.444
NGC6800          59.07    3.975 8.539   70.6   98.0 0.393 0.075  -7.877 0.362 0.146 -17.551 0.226 0.137 0.648 0.414
NGC6811          79.207  11.999 8.936  231.3  355.0 0.181 0.018   4.415 0.157 0.217 -19.234 0.160 0.131 0.512 0.432
NGC6819          73.982   8.481 9.301  383.4 1915.0 0.104 0.009  -7.121 0.165 0.065  -9.119 0.068 0.061 0.225 0.188
NGC6830          60.123  -1.777 8.005  -68.4  232.0 0.061 0.091 -32.836 0.150 0.045  -6.747 0.083 0.078 0.189 0.161
NGC6866          79.562   6.837 8.89   166.5  229.0 0.019 0.030  29.399 0.062 0.085  -8.722 0.076 0.075 0.284 0.266
NGC6940          69.866  -7.163 9.01  -127.8  696.0 0.203 0.011  -0.851 0.455 0.201   6.650 0.254 0.203 0.843 0.459
NGC6997          85.473  -0.475 8.742   -7.2  246.0 0.075 0.109  32.497 0.067 0.097  -0.314 0.086 0.080 0.251 0.234
NGC7058          92.891   0.603 7.598    3.8   49.0 0.267 0.137 -14.853 0.190 0.168  -7.512 0.093 0.068 0.242 0.196
NGC7063          83.093  -9.888 8.274 -114.0   69.0 0.100 0.067  39.242 0.056 0.073  18.102 0.112 0.101 0.266 0.251
NGC7092          92.246  -2.35  8.491  -12.2  198.0 0.458 0.043   3.848 0.556 0.211   2.031 0.729 0.395 2.861 1.270
NGC7209          95.48   -7.296 8.533 -149.6  410.0 0.176 0.016 -20.603 0.120 0.189  -7.876 0.226 0.186 0.751 0.661
NGC7235         102.692   0.79  7.006   47.8  441.0 0.268 0.074 -16.057 0.063 0.079   4.894 0.060 0.044 0.171 0.161
NGC7243          98.82   -5.582 8.006  -85.0  352.0 0.239 0.056  -9.424 0.215 0.150   8.255 0.220 0.168 0.629 0.494
NGC7281         104.443   0.352 7.471   13.3  200.0 0.483 0.116  19.506 0.157 0.060  10.508 0.198 0.103 0.465 0.392
NGC7296         101.88   -4.588 7.925 -188.4  284.0 0.208 0.221  35.149 0.054 0.097  -3.659 0.076 0.060 0.267 0.253
NGC7788         116.43   -0.784 7.269  -41.6  255.0 0.237 0.256  34.393 0.134 0.305  40.196 0.041 0.032 0.124 0.108
Pismis4         262.916  -2.353 7.905  -28.4  138.0 0.173 0.080  -5.161 0.156 0.219  -1.049 0.270 0.223 0.779 0.657
Platais10       309.22    2.996 7.962   12.5   36.0 0.376 0.028  29.030 0.485 0.180  23.085 0.389 0.243 1.327 0.683
Platais3        139.221  16.068 8.319   49.0   99.0 0.321 0.080  -4.909 0.587 0.187 -25.379 1.554 1.055 5.200 2.149
Platais9        267.362   3.707 7.894   11.8  144.0 0.146 0.165 -31.156 0.122 0.212  28.301 1.465 1.251 4.176 3.667
Pozzo1          262.798  -7.691 7.117  -46.4  469.0 0.237 0.021 -44.437 0.221 0.268  40.907 0.376 0.287 1.537 1.198
Roslund3         58.843  -4.685 7.643 -133.0  187.0 0.142 0.138  -5.055 0.100 0.179  20.753 0.101 0.086 0.310 0.279
Roslund6         78.495   0.585 7.976    3.6  263.0 0.420 0.097   9.606 0.324 0.170   1.989 1.141 0.662 2.629 1.776
Ruprecht1       223.96   -9.692 8.502 -254.9  210.0 0.116 0.025  23.986 0.156 0.113   9.955 0.131 0.116 0.461 0.390
Ruprecht108     308.223   3.945 7.951   68.4   76.0 0.217 0.030   1.929 0.210 0.144 -15.761 0.125 0.098 0.370 0.293
Ruprecht115     330.963  -0.844 8.474  -37.2  510.0 0.289 0.069   2.966 0.061 0.049  28.311 0.061 0.043 0.182 0.170
Ruprecht151     233.079   3.236 8.614   63.0   52.0 0.108 0.045   7.147 0.334 0.389 -20.018 0.093 0.083 0.353 0.235
Ruprecht161     284.698  -4.255 7.986  -66.6  116.0 0.439 0.016   4.893 0.166 0.230   3.059 0.392 0.220 0.932 0.777
Ruprecht176     331.899  -0.269 8.168  -12.9  318.0 0.065 0.085 -43.368 0.028 0.090  -5.833 0.034 0.031 0.100 0.097
Ruprecht29      240.107  -0.794 8.162  -29.5  136.0 0.304 0.373  -7.128 0.124 0.051 -38.872 0.102 0.071 0.200 0.175
Ruprecht34      237.197   2.154 8.865   97.5  499.0 0.153 0.039  13.350 0.008 0.031 -34.152 0.099 0.084 0.326 0.323
Ruprecht44      245.722   0.492 7.132   47.5  395.0 0.210 0.105   3.458 0.062 0.045  25.762 0.069 0.054 0.189 0.177
Ruprecht50      248.221   0.128 8.578    5.0   80.0 0.251 0.076  -5.019 0.404 0.034 -12.585 0.044 0.033 0.159 0.095
Ruprecht58      250.432   1.582 8.706   93.5  261.0 0.101 0.121  38.438 0.124 0.079  -2.646 0.053 0.047 0.170 0.149
Ruprecht67      262.818  -0.761 8.651  -20.4   92.0 0.258 0.286   7.041 0.101 0.171  -5.416 0.070 0.052 0.189 0.170
Ruprecht76      273.753  -0.916 8.298  -32.3   76.0 0.240 0.028  30.726 0.171 0.128   9.289 0.051 0.038 0.157 0.130
Ruprecht82      277.724  -0.484 8.548  -18.4  255.0 0.153 0.026  36.897 0.126 0.054  -8.924 0.063 0.053 0.181 0.159
Ruprecht84      285.325  -8.825 8.48  -295.3  107.0 0.155 0.055  -3.453 0.181 0.078  15.994 0.046 0.039 0.146 0.120
Ruprecht93      290.444  -1.129 8.519  -42.3  207.0 0.098 0.168  26.909 0.088 0.098   5.103 0.070 0.063 0.153 0.139
Ruprecht98      297.326  -2.283 8.756  -19.2  122.0 0.471 0.037   7.729 0.592 0.147  -0.221 0.679 0.359 2.423 0.988
Stephenson1      66.908  15.365 7.435   94.4  117.0 0.252 0.242 -25.843 0.088 0.090 -33.299 0.249 0.186 0.676 0.617
Stock1           60.287   2.076 8.676   14.6  268.0 0.344 0.026  16.127 0.419 0.172  29.430 0.988 0.648 3.364 1.955
Stock10         171.714   3.556 8.06    22.2  150.0 0.273 0.070 -25.947 0.129 0.091   3.396 0.536 0.389 1.286 1.120
Stock12         111.459  -8.491 8.188  -64.5  115.0 0.375 0.032  -1.689 0.355 0.216 -17.252 0.373 0.233 1.120 0.723
Stock23         139.927   2.376 7.973   25.2  138.0 0.492 0.871  44.795 0.296 0.150   5.138 0.885 0.449 2.154 1.517
Teutsch35        69.565   7.218 7.9     61.7  157.0 0.289 0.042 -10.688 0.428 0.148  -4.728 0.377 0.268 1.272 0.728
Teutsch61       235.375   0.145 7.686    7.5   86.0 0.198 0.040  42.942 0.075 0.129  -1.220 0.031 0.025 0.091 0.084
Tombaugh1       232.339  -7.311 8.991 -318.4  322.0 0.044 0.042 -42.601 0.052 0.100 -40.998 0.053 0.050 0.158 0.150
Trumpler1       128.219  -1.134 7.513  -52.4  164.0 0.238 0.247  14.884 0.239 0.241   5.091 0.031 0.023 0.108 0.082
Trumpler10      262.866   0.582 7.74     4.4  605.0 0.352 0.033  -0.104 0.298 0.113  -8.214 0.733 0.475 2.430 1.707
Trumpler11      284.462  -4.869 7.325 -306.6  302.0 0.147 0.059  34.017 0.060 0.051  20.986 0.069 0.059 0.187 0.176
Trumpler12      283.822  -3.69  8.898 -228.3  336.0 0.112 0.050 -29.245 0.118 0.064  12.010 0.050 0.044 0.138 0.122
Trumpler18      290.964  -0.132 7.665   -3.5  120.0 0.135 0.151  33.405 0.154 0.149  24.146 0.060 0.052 0.173 0.146
Trumpler2       137.386  -3.977 7.962  -47.5  234.0 0.161 0.029  10.647 0.193 0.095   5.991 0.233 0.196 0.795 0.642
Trumpler21      307.581  -0.284 7.69    -6.6  131.0 0.230 0.049  17.037 0.117 0.130  25.391 0.061 0.047 0.156 0.138
Trumpler22      314.657  -0.588 7.385  -24.7 1146.0 0.449 0.747  -7.866 0.056 0.075 -27.937 0.183 0.101 0.363 0.342
Trumpler26      357.53    2.855 8.561   76.4  225.0 0.269 0.160  24.288 0.069 0.035   7.247 0.086 0.063 0.189 0.176
Trumpler29      349.967  -5.129 7.762 -127.3  361.0 0.179 0.173  44.468 0.071 0.071 -31.554 0.128 0.105 0.399 0.370
Trumpler30      355.717  -5.263 8.566 -124.6  308.0 0.089 0.135  -4.089 0.148 0.045  10.394 0.109 0.099 0.265 0.226
Trumpler7       238.216  -3.325 7.692  -99.4  179.0 0.108 0.168  36.082 0.083 0.075   7.666 0.059 0.053 0.168 0.154
Trumpler9       243.073   1.278 7.486   60.7  265.0 0.121 0.121 -26.151 0.097 0.226  17.551 0.048 0.042 0.158 0.143
Waterloo7       230.275   0.623 7.653   36.4   83.0 0.410 0.538   9.200 0.303 0.356  -1.796 0.041 0.024 0.106 0.074